0.84895,-0.076245,0.52294,0,0.10953,0.99344,-0.032973,0,-0.517,0.085272,0.85173,0,0,0,0,1
0.8492,-0.085794,0.52105,0,0.12138,0.99201,-0.034477,0,-0.51393,0.092521,0.85283,0,0,0,0,1
0.85055,-0.097179,0.51683,0,0.13499,0.99019,-0.035969,0,-0.50827,0.10036,0.85533,0,0,0,0,1
0.8511,-0.11158,0.51302,0,0.15166,0.98775,-0.036768,0,-0.50263,0.1091,0.85759,0,0,0,0,1
0.85187,-0.12646,0.50826,0,0.16729,0.98528,-0.035237,0,-0.49632,0.11504,0.86048,0,0,0,0,1
0.85394,-0.13713,0.50198,0,0.17668,0.98375,-0.031813,0,-0.48946,0.11586,0.86429,0,0,0,0,1
0.85563,-0.14487,0.4969,0,0.1818,0.98298,-0.026456,0,-0.48461,0.11297,0.86741,0,0,0,0,1
0.85688,-0.15083,0.49296,0,0.18518,0.98247,-0.021288,0,-0.4811,0.10953,0.86979,0,0,0,0,1
0.8597,-0.15303,0.48734,0,0.18545,0.98248,-0.018638,0,-0.47595,0.1064,0.87301,0,0,0,0,1
0.86501,-0.15114,0.47845,0,0.18153,0.98323,-0.017608,0,-0.46776,0.10209,0.87794,0,0,0,0,1
0.8727,-0.14555,0.46606,0,0.17361,0.98466,-0.017572,0,-0.45635,0.096249,0.88458,0,0,0,0,1
0.88096,-0.13824,0.45254,0,0.16435,0.98623,-0.018675,0,-0.44373,0.090828,0.89155,0,0,0,0,1
0.88772,-0.13196,0.44107,0,0.15713,0.98736,-0.020847,0,-0.43274,0.08781,0.89723,0,0,0,0,1
0.89312,-0.12651,0.43166,0,0.1515,0.98817,-0.023849,0,-0.42354,0.086694,0.90172,0,0,0,0,1
0.89719,-0.1215,0.42461,0,0.14667,0.98882,-0.02697,0,-0.41659,0.086474,0.90497,0,0,0,0,1
0.9009,-0.11557,0.41836,0,0.14049,0.98965,-0.029148,0,-0.41066,0.085034,0.90781,0,0,0,0,1
0.90443,-0.10865,0.41256,0,0.1327,0.9907,-0.030011,0,-0.40547,0.081891,0.91043,0,0,0,0,1
0.90774,-0.10103,0.40718,0,0.1239,0.99184,-0.030107,0,-0.40082,0.077779,0.91285,0,0,0,0,1
0.91003,-0.094139,0.4037,0,0.11585,0.99282,-0.029631,0,-0.39802,0.073734,0.91441,0,0,0,0,1
0.91217,-0.086708,0.40052,0,0.10722,0.99381,-0.029053,0,-0.39553,0.069447,0.91583,0,0,0,0,1
0.91412,-0.079734,0.39753,0,0.09969,0.99457,-0.029751,0,-0.393,0.066825,0.91711,0,0,0,0,1
0.91633,-0.073034,0.3937,0,0.093296,0.99511,-0.032546,0,-0.3894,0.066554,0.91866,0,0,0,0,1
0.91928,-0.065782,0.38808,0,0.086752,0.99555,-0.036745,0,-0.38394,0.067446,0.92089,0,0,0,0,1
0.92312,-0.056509,0.38033,0,0.077871,0.99612,-0.041003,0,-0.37654,0.067467,0.92394,0,0,0,0,1
0.92759,-0.04587,0.37078,0,0.067441,0.99669,-0.045416,0,-0.36747,0.067134,0.92761,0,0,0,0,1
0.93112,-0.037137,0.36283,0,0.059168,0.99701,-0.049793,0,-0.35989,0.067831,0.93052,0,0,0,0,1
0.93291,-0.03186,0.35871,0,0.054538,0.99709,-0.053278,0,-0.35597,0.069266,0.93193,0,0,0,0,1
0.93251,-0.030641,0.35985,0,0.054375,0.99695,-0.056016,0,-0.35704,0.071802,0.93133,0,0,0,0,1
0.93077,-0.030454,0.36434,0,0.055521,0.99674,-0.058523,0,-0.36137,0.0747,0.92943,0,0,0,0,1
0.92761,-0.030642,0.37229,0,0.056926,0.99659,-0.059813,0,-0.36919,0.076676,0.92619,0,0,0,0,1
0.92488,-0.031247,0.37897,0,0.056287,0.99689,-0.055173,0,-0.37607,0.072359,0.92376,0,0,0,0,1
0.92264,-0.029801,0.3845,0,0.04993,0.99785,-0.042471,0,-0.38241,0.058384,0.92215,0,0,0,0,1
0.91848,-0.029073,0.39439,0,0.045547,0.99843,-0.032471,0,-0.39283,0.047788,0.91837,0,0,0,0,1
0.91298,-0.030111,0.4069,0,0.043796,0.99874,-0.024358,0,-0.40565,0.040059,0.91315,0,0,0,0,1
0.90776,-0.031081,0.41834,0,0.04339,0.99886,-0.019941,0,-0.41725,0.036254,0.90807,0,0,0,0,1
0.90298,-0.032259,0.42846,0,0.044542,0.99883,-0.01867,0,-0.42736,0.035944,0.90337,0,0,0,0,1
0.89769,-0.035741,0.43917,0,0.04992,0.99854,-0.020774,0,-0.43779,0.040572,0.89816,0,0,0,0,1
0.89379,-0.039336,0.44676,0,0.055885,0.99815,-0.023919,0,-0.44499,0.046346,0.89433,0,0,0,0,1
0.89135,-0.039712,0.45158,0,0.056185,0.99815,-0.023122,0,-0.44983,0.045982,0.89193,0,0,0,0,1
0.88961,-0.037208,0.4552,0,0.050932,0.99854,-0.017917,0,-0.45387,0.039123,0.89021,0,0,0,0,1
0.8882,-0.033438,0.45825,0,0.042797,0.99903,-0.010052,0,-0.45747,0.02854,0.88877,0,0,0,0,1
0.88531,-0.029539,0.46405,0,0.035217,0.99937,-0.0035713,0,-0.46366,0.019504,0.8858,0,0,0,0,1
0.88139,-0.024743,0.47174,0,0.028004,0.99961,0.00010772,0,-0.47155,0.013115,0.88174,0,0,0,0,1
0.88061,-0.016355,0.47355,0,0.018106,0.99984,0.00086085,0,-0.47349,0.0078162,0.88077,0,0,0,0,1
0.88128,-0.006291,0.47255,0,0.0082105,0.99996,-0.0019996,0,-0.47252,0.0056421,0.8813,0,0,0,0,1
0.88311,0.0047782,0.46913,0,0.00028846,0.99994,-0.010728,0,-0.46916,0.009609,0.88306,0,0,0,0,1
0.88564,0.017453,0.46405,0,-0.0083133,0.99973,-0.021735,0,-0.46431,0.015391,0.88554,0,0,0,0,1
0.88867,0.031312,0.45749,0,-0.018492,0.9993,-0.032476,0,-0.45818,0.0204,0.88862,0,0,0,0,1
0.88985,0.042462,0.45427,0,-0.02599,0.99876,-0.042447,0,-0.45551,0.025965,0.88985,0,0,0,0,1
0.89215,0.054363,0.44846,0,-0.036376,0.99815,-0.048632,0,-0.45028,0.027073,0.89248,0,0,0,0,1
0.89529,0.06606,0.44057,0,-0.048505,0.99752,-0.051004,0,-0.44284,0.024293,0.89627,0,0,0,0,1
0.89828,0.073994,0.43316,0,-0.058173,0.99707,-0.049685,0,-0.43556,0.019432,0.89995,0,0,0,0,1
0.90177,0.079371,0.42486,0,-0.065415,0.99673,-0.047362,0,-0.42723,0.014917,0.90402,0,0,0,0,1
0.90511,0.082085,0.41717,0,-0.068731,0.99653,-0.046962,0,-0.41958,0.013834,0.90761,0,0,0,0,1
0.90716,0.081983,0.41272,0,-0.068501,0.99653,-0.047385,0,-0.41517,0.014713,0.90962,0,0,0,0,1
0.90845,0.079799,0.41031,0,-0.064803,0.99663,-0.05035,0,-0.41294,0.019151,0.91056,0,0,0,0,1
0.91043,0.078355,0.40618,0,-0.063231,0.99672,-0.050548,0,-0.40881,0.020337,0.91239,0,0,0,0,1
0.91229,0.076559,0.40232,0,-0.06284,0.99691,-0.047212,0,-0.40469,0.017789,0.91428,0,0,0,0,1
0.9132,0.072801,0.40096,0,-0.061572,0.99727,-0.040838,0,-0.40283,0.012606,0.91519,0,0,0,0,1
0.91311,0.068481,0.40192,0,-0.060543,0.99764,-0.032436,0,-0.40319,0.0052842,0.9151,0,0,0,0,1
0.91149,0.063994,0.40631,0,-0.060012,0.99794,-0.022548,0,-0.40691,-0.0038311,0.91346,0,0,0,0,1
0.90868,0.061916,0.41287,0,-0.062792,0.99796,-0.011461,0,-0.41273,-0.01551,0.91072,0,0,0,0,1
0.90469,0.061517,0.42161,0,-0.067085,0.99775,-0.0016301,0,-0.42076,-0.026809,0.90678,0,0,0,0,1
0.90134,0.063391,0.42845,0,-0.073869,0.99724,0.0078535,0,-0.42676,-0.038728,0.90353,0,0,0,0,1
0.89862,0.065486,0.43382,0,-0.080673,0.9966,0.016668,0,-0.43125,-0.049975,0.90085,0,0,0,0,1
0.89612,0.066845,0.43875,0,-0.086582,0.99593,0.025106,0,-0.43528,-0.060486,0.89826,0,0,0,0,1
0.89316,0.065887,0.44489,0,-0.089655,0.99544,0.032568,0,-0.44071,-0.068974,0.895,0,0,0,0,1
0.89067,0.062516,0.45033,0,-0.088418,0.99541,0.036688,0,-0.44597,-0.072495,0.89211,0,0,0,0,1
0.88843,0.057904,0.45534,0,-0.085102,0.99559,0.03944,0,-0.45105,-0.073791,0.88944,0,0,0,0,1
0.88623,0.05377,0.46011,0,-0.081157,0.9959,0.039936,0,-0.45607,-0.072733,0.88696,0,0,0,0,1
0.88442,0.051568,0.46384,0,-0.078351,0.99618,0.038643,0,-0.46007,-0.070519,0.88508,0,0,0,0,1
0.88301,0.052708,0.46639,0,-0.079481,0.99612,0.037906,0,-0.46258,-0.07054,0.88377,0,0,0,0,1
0.88186,0.056703,0.46808,0,-0.084538,0.99567,0.038654,0,-0.46387,-0.073658,0.88284,0,0,0,0,1
0.87963,0.061571,0.47166,0,-0.092295,0.99483,0.04226,0,-0.46662,-0.080705,0.88077,0,0,0,0,1
0.87842,0.066527,0.47323,0,-0.10131,0.99368,0.048362,0,-0.46702,-0.090425,0.87961,0,0,0,0,1
0.87762,0.071629,0.47398,0,-0.11062,0.99235,0.05486,0,-0.46642,-0.10058,0.87882,0,0,0,0,1
0.87483,0.074015,0.47874,0,-0.11708,0.99127,0.060693,0,-0.47006,-0.10915,0.87586,0,0,0,0,1
0.87135,0.073583,0.48511,0,-0.12105,0.99037,0.067209,0,-0.4755,-0.11729,0.87186,0,0,0,0,1
0.86875,0.071318,0.49008,0,-0.12382,0.98943,0.075502,0,-0.47952,-0.12627,0.8684,0,0,0,0,1
0.86769,0.066232,0.49268,0,-0.12509,0.98828,0.087442,0,-0.48112,-0.1375,0.86581,0,0,0,0,1
0.86806,0.05361,0.49356,0,-0.11749,0.9881,0.099314,0,-0.48236,-0.1442,0.86402,0,0,0,0,1
0.8698,0.0346,0.4922,0,-0.10101,0.9889,0.10898,0,-0.48296,-0.14451,0.86364,0,0,0,0,1
0.87373,0.015983,0.48615,0,-0.08449,0.98925,0.11932,0,-0.47902,-0.14533,0.86569,0,0,0,0,1
0.8776,0.0022363,0.4794,0,-0.072974,0.98896,0.12897,0,-0.47382,-0.14817,0.86807,0,0,0,0,1
0.87992,-0.0021961,0.47512,0,-0.072163,0.98777,0.13821,0,-0.46961,-0.1559,0.869,0,0,0,0,1
0.88225,0.0062518,0.47073,0,-0.084907,0.98563,0.14604,0,-0.46306,-0.16882,0.8701,0,0,0,0,1
0.88533,0.022936,0.46439,0,-0.10498,0.98285,0.1516,0,-0.45295,-0.18296,0.87256,0,0,0,0,1
0.88742,0.037799,0.45941,0,-0.12066,0.98093,0.15236,0,-0.44489,-0.19064,0.87506,0,0,0,0,1
0.89041,0.046867,0.45273,0,-0.1267,0.98089,0.14766,0,-0.43716,-0.18884,0.87934,0,0,0,0,1
0.89645,0.052238,0.44006,0,-0.12732,0.98152,0.14284,0,-0.42447,-0.18408,0.88653,0,0,0,0,1
0.90539,0.056851,0.42077,0,-0.1269,0.98193,0.14038,0,-0.40518,-0.18049,0.89624,0,0,0,0,1
0.91523,0.056731,0.39893,0,-0.12348,0.98189,0.14365,0,-0.38355,-0.18073,0.90566,0,0,0,0,1
0.92397,0.051609,0.37897,0,-0.11565,0.98217,0.14821,0,-0.36457,-0.18077,0.91346,0,0,0,0,1
0.93108,0.044104,0.36215,0,-0.10654,0.98226,0.15429,0,-0.34892,-0.18224,0.91926,0,0,0,0,1
0.93609,0.03835,0.34967,0,-0.10184,0.98102,0.16504,0,-0.3367,-0.1901,0.92222,0,0,0,0,1
0.93865,0.036863,0.34291,0,-0.10245,0.97919,0.17518,0,-0.32931,-0.19957,0.92289,0,0,0,0,1
0.93995,0.037654,0.33923,0,-0.10401,0.97822,0.17962,0,-0.32508,-0.20412,0.92339,0,0,0,0,1
0.94057,0.039718,0.33726,0,-0.10521,0.97835,0.17819,0,-0.32288,-0.20309,0.92439,0,0,0,0,1
0.94168,0.043898,0.33364,0,-0.1071,0.979,0.17348,0,-0.31902,-0.19909,0.9266,0,0,0,0,1
0.943,0.048166,0.3293,0,-0.10897,0.97961,0.16878,0,-0.31445,-0.19505,0.92902,0,0,0,0,1
0.94316,0.048571,0.32877,0,-0.10764,0.98058,0.16393,0,-0.31442,-0.19,0.93007,0,0,0,0,1
0.94157,0.04582,0.33369,0,-0.10308,0.98237,0.15596,0,-0.32066,-0.18124,0.92969,0,0,0,0,1
0.93891,0.043375,0.34141,0,-0.097498,0.98491,0.143,0,-0.33006,-0.16755,0.92897,0,0,0,0,1
0.9375,0.043588,0.34525,0,-0.092989,0.98743,0.12784,0,-0.33534,-0.15196,0.92976,0,0,0,0,1
0.93767,0.045302,0.34456,0,-0.08967,0.98943,0.11393,0,-0.33576,-0.13773,0.93182,0,0,0,0,1
0.93766,0.04212,0.34499,0,-0.080954,0.99179,0.098942,0,-0.33799,-0.1207,0.93338,0,0,0,0,1
0.93694,0.033734,0.34787,0,-0.066347,0.9944,0.082267,0,-0.34315,-0.10016,0.93393,0,0,0,0,1
0.936,0.024722,0.35114,0,-0.051524,0.99641,0.067189,0,-0.34822,-0.080981,0.93391,0,0,0,0,1
0.93529,0.018448,0.35339,0,-0.040444,0.99767,0.054958,0,-0.35156,-0.065695,0.93386,0,0,0,0,1
0.93407,0.011771,0.35688,0,-0.029391,0.9986,0.043988,0,-0.35587,-0.051577,0.93311,0,0,0,0,1
0.93221,0.0034167,0.3619,0,-0.0164,0.99933,0.03281,0,-0.36155,-0.036521,0.93164,0,0,0,0,1
0.93085,-0.0034443,0.36538,0,-0.0052089,0.99973,0.022694,0,-0.36536,-0.023028,0.93058,0,0,0,0,1
0.93036,-0.0087363,0.36653,0,0.0039387,0.9999,0.013835,0,-0.36662,-0.011428,0.9303,0,0,0,0,1
0.93111,-0.012465,0.36452,0,0.010568,0.99992,0.0071998,0,-0.36458,-0.0028516,0.93117,0,0,0,0,1
0.93312,-0.015587,0.35923,0,0.015887,0.99987,0.0021175,0,-0.35922,0.0037313,0.93325,0,0,0,0,1
0.93576,-0.018621,0.35214,0,0.019742,0.99981,0.00040838,0,-0.35207,0.0065696,0.93595,0,0,0,0,1
0.93973,-0.018831,0.3414,0,0.020238,0.9998,-0.00055776,0,-0.34132,0.0074332,0.93992,0,0,0,0,1
0.94458,-0.017922,0.3278,0,0.02,0.9998,-0.002968,0,-0.32767,0.0093595,0.94474,0,0,0,0,1
0.95067,-0.015349,0.30983,0,0.018301,0.99981,-0.0066211,0,-0.30967,0.011965,0.95077,0,0,0,0,1
0.95807,-0.010669,0.28634,0,0.014577,0.99983,-0.011522,0,-0.28617,0.015212,0.95806,0,0,0,0,1
0.96609,-0.0040299,0.25816,0,0.0092436,0.99978,-0.018985,0,-0.25803,0.020728,0.96592,0,0,0,0,1
0.97306,-0.0011209,0.23054,0,0.0075645,0.9996,-0.027068,0,-0.23042,0.028082,0.97269,0,0,0,0,1
0.97784,-0.0047275,0.20931,0,0.012519,0.99928,-0.035917,0,-0.20899,0.037742,0.97719,0,0,0,0,1
0.98078,-0.012223,0.19471,0,0.021413,0.99875,-0.045162,0,-0.19392,0.048463,0.97982,0,0,0,0,1
0.98266,-0.019795,0.18436,0,0.029855,0.9982,-0.051953,0,-0.183,0.056556,0.98148,0,0,0,0,1
0.98463,-0.021932,0.17325,0,0.03261,0.99772,-0.059027,0,-0.17156,0.06377,0.98311,0,0,0,0,1
0.98806,-0.017747,0.15307,0,0.028065,0.99746,-0.06551,0,-0.15152,0.069024,0.98604,0,0,0,0,1
0.99362,-0.0054454,0.11267,0,0.013265,0.99754,-0.068776,0,-0.11201,0.069832,0.99125,0,0,0,0,1
0.99855,0.011904,0.052493,0,-0.0083728,0.99772,-0.066982,0,-0.05317,0.066446,0.99637,0,0,0,0,1
0.99949,0.026888,-0.016964,0,-0.027849,0.99786,-0.059211,0,0.015335,0.059653,0.9981,0,0,0,0,1
0.99521,0.040494,-0.088999,0,-0.044503,0.99806,-0.043533,0,0.087063,0.047285,0.99508,0,0,0,0,1
0.98791,0.046883,-0.14774,0,-0.0514,0.99832,-0.026908,0,0.14623,0.034176,0.98866,0,0,0,0,1
0.98013,0.0502,-0.19189,0,-0.053951,0.99844,-0.014371,0,0.19087,0.024438,0.98131,0,0,0,0,1
0.97385,0.052793,-0.22097,0,-0.054701,0.9985,-0.0025192,0,0.22051,0.014541,0.97528,0,0,0,0,1
0.9698,0.055613,-0.23748,0,-0.056116,0.99841,0.0046454,0,0.23736,0.0088215,0.97138,0,0,0,0,1
0.96797,0.059662,-0.24387,0,-0.059699,0.99819,0.0072444,0,0.24386,0.0075463,0.96978,0,0,0,0,1
0.96787,0.066696,-0.24245,0,-0.066718,0.99774,0.0081275,0,0.24244,0.0083092,0.97013,0,0,0,0,1
0.97132,0.072778,-0.22636,0,-0.073136,0.9973,0.006817,0,0.22625,0.0099337,0.97402,0,0,0,0,1
0.97809,0.07885,-0.19269,0,-0.080459,0.99676,-0.00053091,0,0.19203,0.016023,0.98126,0,0,0,0,1
0.98597,0.088551,-0.14149,0,-0.091083,0.99578,-0.011507,0,0.13987,0.024232,0.98987,0,0,0,0,1
0.99206,0.10093,-0.075048,0,-0.10316,0.99431,-0.026521,0,0.071945,0.034052,0.99683,0,0,0,0,1
0.99358,0.1131,-0.0035605,0,-0.11315,0.9926,-0.043985,0,-0.0014405,0.044106,0.99903,0,0,0,0,1
0.99038,0.12513,0.059028,0,-0.12164,0.99079,-0.059499,0,-0.065929,0.051746,0.99648,0,0,0,0,1
0.98457,0.13195,0.11495,0,-0.12385,0.98947,-0.074931,0,-0.12363,0.059537,0.99054,0,0,0,0,1
0.9787,0.13711,0.1528,0,-0.12491,0.98836,-0.086854,0,-0.16293,0.065919,0.98443,0,0,0,0,1
0.97421,0.13832,0.17829,0,-0.12227,0.98763,-0.098122,0,-0.18965,0.073792,0.97907,0,0,0,0,1
0.97156,0.13713,0.19302,0,-0.11814,0.98725,-0.10672,0,-0.20519,0.080879,0.97537,0,0,0,0,1
0.97011,0.13985,0.19832,0,-0.1204,0.98694,-0.10699,0,-0.2107,0.079917,0.97428,0,0,0,0,1
0.96894,0.14697,0.19889,0,-0.12957,0.98672,-0.097914,0,-0.21064,0.069103,0.97512,0,0,0,0,1
0.96716,0.15904,0.19826,0,-0.14525,0.98596,-0.082358,0,-0.20857,0.050857,0.97668,0,0,0,0,1
0.96441,0.17613,0.19721,0,-0.16607,0.98386,-0.06656,0,-0.20575,0.031439,0.9781,0,0,0,0,1
0.96076,0.19261,0.19961,0,-0.18529,0.98115,-0.054869,0,-0.20641,0.01573,0.97834,0,0,0,0,1
0.95697,0.20801,0.20234,0,-0.20248,0.97812,-0.047873,0,-0.20787,0.0048431,0.97814,0,0,0,0,1
0.95375,0.22247,0.20214,0,-0.21816,0.97494,-0.043658,0,-0.20678,-0.0024592,0.97838,0,0,0,0,1
0.95133,0.23545,0.19885,0,-0.23186,0.97186,-0.041501,0,-0.20303,-0.0066248,0.97915,0,0,0,0,1
0.94951,0.24652,0.19405,0,-0.24326,0.9691,-0.040823,0,-0.19811,-0.0084413,0.98014,0,0,0,0,1
0.94808,0.25585,0.18889,0,-0.25237,0.96669,-0.042663,0,-0.19351,-0.007222,0.98107,0,0,0,0,1
0.94717,0.26337,0.18302,0,-0.2592,0.96469,-0.046756,0,-0.18888,-0.0031545,0.982,0,0,0,0,1
0.94673,0.26863,0.1776,0,-0.2636,0.96324,-0.051796,0,-0.18499,0.0022214,0.98274,0,0,0,0,1
0.94678,0.27254,0.17128,0,-0.26669,0.96211,-0.056731,0,-0.18025,0.0080336,0.98359,0,0,0,0,1
0.94716,0.27476,0.16553,0,-0.26815,0.96141,-0.061495,0,-0.17604,0.013858,0.98429,0,0,0,0,1
0.94767,0.27502,0.16214,0,-0.26766,0.96125,-0.06605,0,-0.17402,0.019196,0.98456,0,0,0,0,1
0.94843,0.27326,0.16067,0,-0.26498,0.96161,-0.071325,0,-0.174,0.02507,0.98443,0,0,0,0,1
0.94919,0.27008,0.16155,0,-0.2606,0.96232,-0.077635,0,-0.17643,0.031589,0.98381,0,0,0,0,1
0.94992,0.26481,0.16589,0,-0.25397,0.96357,-0.083856,0,-0.18205,0.037525,0.98257,0,0,0,0,1
0.95042,0.26013,0.1704,0,-0.24809,0.96465,-0.088879,0,-0.1875,0.042198,0.98136,0,0,0,0,1
0.95098,0.25569,0.17394,0,-0.24296,0.96573,-0.091288,0,-0.19132,0.044553,0.98052,0,0,0,0,1
0.95153,0.2514,0.17719,0,-0.23883,0.96694,-0.089387,0,-0.1938,0.042736,0.98011,0,0,0,0,1
0.95195,0.24757,0.18028,0,-0.23616,0.9682,-0.082563,0,-0.19499,0.036021,0.98014,0,0,0,0,1
0.95241,0.24291,0.18412,0,-0.2335,0.96972,-0.071507,0,-0.19592,0.025112,0.9803,0,0,0,0,1
0.95325,0.24078,0.18258,0,-0.23494,0.97055,-0.053341,0,-0.19004,0.0079531,0.98174,0,0,0,0,1
0.9545,0.23374,0.18517,0,-0.23233,0.97219,-0.029616,0,-0.18694,-0.014751,0.98226,0,0,0,0,1
0.95675,0.22433,0.18524,0,-0.2259,0.97406,-0.012863,0,-0.18332,-0.029539,0.98261,0,0,0,0,1
0.96067,0.20969,0.18203,0,-0.2078,0.97772,-0.029599,0,-0.18418,-0.0093907,0.98285,0,0,0,0,1
0.964,0.1927,0.18325,0,-0.18457,0.98095,-0.060563,0,-0.19143,0.02456,0.9812,0,0,0,0,1
0.96533,0.18184,0.1873,0,-0.16988,0.98236,-0.078164,0,-0.19821,0.043636,0.97919,0,0,0,0,1
0.96528,0.17765,0.19151,0,-0.16547,0.98313,-0.077929,0,-0.20212,0.043533,0.97839,0,0,0,0,1
0.96528,0.17476,0.19415,0,-0.1617,0.98348,-0.081318,0,-0.20515,0.047101,0.9776,0,0,0,0,1
0.96515,0.16935,0.1995,0,-0.1537,0.98386,-0.091586,0,-0.2118,0.057731,0.97561,0,0,0,0,1
0.96414,0.16401,0.20865,0,-0.14761,0.98476,-0.091986,0,-0.22055,0.05789,0.97366,0,0,0,0,1
0.96298,0.15797,0.21845,0,-0.14432,0.98652,-0.077175,0,-0.2277,0.042791,0.97279,0,0,0,0,1
0.9622,0.1514,0.22638,0,-0.14165,0.98817,-0.058802,0,-0.2326,0.024512,0.97226,0,0,0,0,1
0.96196,0.14255,0.23306,0,-0.13491,0.98967,-0.048471,0,-0.23756,0.015185,0.97125,0,0,0,0,1
0.9612,0.1309,0.2428,0,-0.12205,0.9912,-0.051193,0,-0.24737,0.019572,0.96872,0,0,0,0,1
0.95999,0.12001,0.25303,0,-0.10906,0.9924,-0.056955,0,-0.25795,0.027081,0.96578,0,0,0,0,1
0.95894,0.11314,0.26005,0,-0.10137,0.99314,-0.058275,0,-0.26486,0.029521,0.96384,0,0,0,0,1
0.95792,0.10753,0.26615,0,-0.097306,0.99393,-0.051356,0,-0.27005,0.023297,0.96256,0,0,0,0,1
0.95679,0.10433,0.27142,0,-0.096875,0.99446,-0.040757,0,-0.27417,0.012701,0.9616,0,0,0,0,1
0.95587,0.10384,0.27482,0,-0.098452,0.99458,-0.033371,0,-0.27679,0.0048426,0.96092,0,0,0,0,1
0.95439,0.10285,0.2803,0,-0.097644,0.99469,-0.032529,0,-0.28216,0.0036763,0.95936,0,0,0,0,1
0.95279,0.10287,0.28569,0,-0.096493,0.99467,-0.036337,0,-0.2879,0.0070541,0.95763,0,0,0,0,1
0.95138,0.10384,0.29,0,-0.09609,0.99453,-0.040877,0,-0.29266,0.011023,0.95615,0,0,0,0,1
0.95051,0.10707,0.29165,0,-0.098438,0.99416,-0.044158,0,-0.29468,0.013263,0.9555,0,0,0,0,1
0.95011,0.11129,0.29137,0,-0.10209,0.99368,-0.046663,0,-0.29472,0.014591,0.95547,0,0,0,0,1
0.94996,0.11597,0.29005,0,-0.10656,0.99314,-0.048068,0,-0.29364,0.014754,0.9558,0,0,0,0,1
0.95016,0.12256,0.28668,0,-0.11326,0.99236,-0.04887,0,-0.29048,0.013965,0.95678,0,0,0,0,1
0.95081,0.13148,0.28048,0,-0.1224,0.99123,-0.049717,0,-0.28456,0.012939,0.95857,0,0,0,0,1
0.95198,0.13976,0.27241,0,-0.13085,0.9901,-0.050709,0,-0.27681,0.012629,0.96084,0,0,0,0,1
0.95347,0.14389,0.26493,0,-0.13494,0.9895,-0.051777,0,-0.2696,0.013617,0.96288,0,0,0,0,1
0.95516,0.14609,0.25752,0,-0.13702,0.98915,-0.052945,0,-0.26246,0.015287,0.96482,0,0,0,0,1
0.95721,0.14572,0.25004,0,-0.13618,0.98915,-0.055145,0,-0.25536,0.018735,0.96666,0,0,0,0,1
0.95946,0.14433,0.24207,0,-0.13422,0.98926,-0.057864,0,-0.24783,0.023027,0.96853,0,0,0,0,1
0.96149,0.14222,0.23518,0,-0.13227,0.98954,-0.05766,0,-0.24092,0.024334,0.97024,0,0,0,0,1
0.96334,0.13937,0.22923,0,-0.13028,0.98998,-0.054386,0,-0.23452,0.022527,0.97185,0,0,0,0,1
0.96467,0.13551,0.22594,0,-0.12762,0.9906,-0.049217,0,-0.23048,0.018643,0.9729,0,0,0,0,1
0.96517,0.1325,0.2256,0,-0.12562,0.99107,-0.044669,0,-0.2295,0.014774,0.9732,0,0,0,0,1
0.96483,0.1294,0.22881,0,-0.12297,0.99151,-0.042242,0,-0.23233,0.01262,0.97255,0,0,0,0,1
0.96373,0.12619,0.23516,0,-0.11923,0.99191,-0.043667,0,-0.23877,0.014046,0.97098,0,0,0,0,1
0.96223,0.12246,0.24312,0,-0.11438,0.99232,-0.04713,0,-0.24703,0.017541,0.96885,0,0,0,0,1
0.96084,0.11825,0.2506,0,-0.10914,0.99277,-0.049991,0,-0.2547,0.020683,0.9668,0,0,0,0,1
0.95979,0.11346,0.25676,0,-0.1035,0.99327,-0.052047,0,-0.26094,0.02338,0.96507,0,0,0,0,1
0.95921,0.10819,0.26116,0,-0.097841,0.99382,-0.052337,0,-0.26521,0.02465,0.96388,0,0,0,0,1
0.95879,0.10324,0.26468,0,-0.093068,0.99437,-0.050738,0,-0.26843,0.024014,0.963,0,0,0,0,1
0.95835,0.097514,0.26845,0,-0.087522,0.99496,-0.048971,0,-0.27187,0.023436,0.96205,0,0,0,0,1
0.95797,0.092428,0.27156,0,-0.08256,0.99545,-0.047568,0,-0.27472,0.023149,0.96125,0,0,0,0,1
0.95737,0.087228,0.27539,0,-0.077309,0.99591,-0.046693,0,-0.27833,0.023412,0.9602,0,0,0,0,1
0.95662,0.082348,0.27944,0,-0.072249,0.99631,-0.046268,0,-0.28222,0.024071,0.95905,0,0,0,0,1
0.95567,0.076875,0.28422,0,-0.066237,0.9967,-0.046869,0,-0.28688,0.025966,0.95761,0,0,0,0,1
0.95451,0.071033,0.28958,0,-0.059344,0.99704,-0.048959,0,-0.2922,0.029547,0.9559,0,0,0,0,1
0.95334,0.066714,0.29444,0,-0.053993,0.99723,-0.051132,0,-0.29704,0.032848,0.9543,0,0,0,0,1
0.95206,0.064087,0.29911,0,-0.050978,0.99737,-0.051437,0,-0.30162,0.033723,0.95283,0,0,0,0,1
0.95057,0.063187,0.304,0,-0.050259,0.99748,-0.050174,0,-0.3064,0.032416,0.95135,0,0,0,0,1
0.94917,0.063693,0.30825,0,-0.051518,0.99754,-0.047483,0,-0.31052,0.029188,0.95012,0,0,0,0,1
0.94785,0.066031,0.3118,0,-0.05527,0.99753,-0.043234,0,-0.31389,0.023746,0.94916,0,0,0,0,1
0.94659,0.069547,0.31484,0,-0.060978,0.99745,-0.036998,0,-0.31661,0.015824,0.94842,0,0,0,0,1
0.94539,0.072229,0.31785,0,-0.065886,0.99736,-0.030675,0,-0.31923,0.0080577,0.94764,0,0,0,0,1
0.94437,0.074854,0.32027,0,-0.070704,0.99719,-0.024583,0,-0.32121,0.00057144,0.94701,0,0,0,0,1
0.94344,0.076355,0.32263,0,-0.074277,0.99706,-0.018765,0,-0.32311,-0.0062599,0.94634,0,0,0,0,1
0.94269,0.077354,0.32458,0,-0.077042,0.99693,-0.013834,0,-0.32465,-0.011965,0.94576,0,0,0,0,1
0.94192,0.077308,0.32681,0,-0.078088,0.99689,-0.010754,0,-0.32662,-0.01539,0.94503,0,0,0,0,1
0.94128,0.076974,0.32873,0,-0.078716,0.99686,-0.0080273,0,-0.32832,-0.018321,0.94439,0,0,0,0,1
0.94023,0.076293,0.3319,0,-0.079046,0.99686,-0.005219,0,-0.33125,-0.021328,0.9433,0,0,0,0,1
0.93911,0.076351,0.33502,0,-0.079734,0.99681,-0.0036671,0,-0.33424,-0.023269,0.9422,0,0,0,0,1
0.93799,0.07649,0.33813,0,-0.07993,0.99679,-0.0037614,0,-0.33733,-0.023499,0.94109,0,0,0,0,1
0.93673,0.075927,0.34172,0,-0.078351,0.9969,-0.006725,0,-0.34118,-0.020475,0.93978,0,0,0,0,1
0.93555,0.074287,0.34528,0,-0.074956,0.99712,-0.011433,0,-0.34514,-0.015185,0.93843,0,0,0,0,1
0.93487,0.072985,0.34739,0,-0.071649,0.99729,-0.016709,0,-0.34767,-0.0092695,0.93757,0,0,0,0,1
0.93487,0.071524,0.3477,0,-0.067888,0.99744,-0.022646,0,-0.34843,-0.0024339,0.93733,0,0,0,0,1
0.93523,0.07083,0.34687,0,-0.066238,0.99749,-0.025092,0,-0.34778,0.00049066,0.93758,0,0,0,0,1
0.93624,0.072105,0.34389,0,-0.06813,0.9974,-0.023647,0,-0.3447,-0.0012903,0.93871,0,0,0,0,1
0.93774,0.075515,0.33903,0,-0.074424,0.99709,-0.016238,0,-0.33927,-0.010005,0.94063,0,0,0,0,1
0.9393,0.079883,0.33366,0,-0.083891,0.99647,-0.0024022,0,-0.33267,-0.025735,0.94269,0,0,0,0,1
0.94168,0.084225,0.3258,0,-0.093867,0.99549,0.013959,0,-0.32315,-0.043727,0.94534,0,0,0,0,1
0.94351,0.081899,0.32108,0,-0.091425,0.9957,0.014677,0,-0.31849,-0.043202,0.94694,0,0,0,0,1
0.94555,0.072275,0.31734,0,-0.076165,0.9971,-0.00014896,0,-0.31643,-0.024029,0.94831,0,0,0,0,1
0.94647,0.059663,0.31722,0,-0.058015,0.99821,-0.014648,0,-0.31753,-0.0045399,0.94824,0,0,0,0,1
0.94714,0.050897,0.31676,0,-0.046858,0.99869,-0.020361,0,-0.31738,0.0044415,0.94829,0,0,0,0,1
0.94764,0.045236,0.31613,0,-0.041401,0.99896,-0.018842,0,-0.31665,0.0047673,0.94853,0,0,0,0,1
0.9478,0.041514,0.31616,0,-0.038168,0.99913,-0.016772,0,-0.31658,0.0038296,0.94856,0,0,0,0,1
0.94745,0.038385,0.3176,0,-0.034708,0.99925,-0.017227,0,-0.31803,0.0052984,0.94807,0,0,0,0,1
0.94648,0.034408,0.32091,0,-0.02988,0.99937,-0.019025,0,-0.32136,0.0084179,0.94692,0,0,0,0,1
0.94595,0.032686,0.32266,0,-0.028037,0.99943,-0.019046,0,-0.3231,0.00897,0.94632,0,0,0,0,1
0.94614,0.033139,0.32205,0,-0.029466,0.99943,-0.016275,0,-0.32241,0.0059087,0.94658,0,0,0,0,1
0.94682,0.034586,0.31989,0,-0.032266,0.9994,-0.012551,0,-0.32013,0.0015617,0.94737,0,0,0,0,1
0.94742,0.035618,0.31802,0,-0.033827,0.99937,-0.011153,0,-0.31821,-0.0001915,0.94802,0,0,0,0,1
0.94742,0.036297,0.31793,0,-0.034538,0.99934,-0.011169,0,-0.31813,-0.00039859,0.94805,0,0,0,0,1
0.94686,0.037318,0.31949,0,-0.035663,0.9993,-0.011031,0,-0.31968,-0.00094916,0.94753,0,0,0,0,1
0.94566,0.037915,0.32294,0,-0.036545,0.99928,-0.010307,0,-0.3231,-0.0020551,0.94636,0,0,0,0,1
0.94471,0.039182,0.32555,0,-0.038844,0.99922,-0.0075416,0,-0.32559,-0.0055211,0.94549,0,0,0,0,1
0.94427,0.040931,0.32661,0,-0.042012,0.99911,-0.0037446,0,-0.32647,-0.010186,0.94515,0,0,0,0,1
0.94374,0.041584,0.32808,0,-0.044015,0.99903,-1.6487e-05,0,-0.32776,-0.014425,0.94465,0,0,0,0,1
0.94326,0.041877,0.32939,0,-0.045431,0.99896,0.0030981,0,-0.32892,-0.017887,0.94419,0,0,0,0,1
0.94246,0.040935,0.3318,0,-0.044578,0.999,0.0033752,0,-0.33133,-0.017972,0.94334,0,0,0,0,1
0.94175,0.039586,0.33397,0,-0.04283,0.99908,0.0023525,0,-0.33357,-0.01652,0.94258,0,0,0,0,1
0.94132,0.037478,0.33544,0,-0.039742,0.99921,-0.00011509,0,-0.33517,-0.013223,0.94206,0,0,0,0,1
0.94111,0.035381,0.33624,0,-0.0366,0.99933,-0.0027121,0,-0.33611,-0.0097541,0.94177,0,0,0,0,1
0.94095,0.033171,0.33691,0,-0.033438,0.99943,-0.005012,0,-0.33689,-0.0065497,0.94152,0,0,0,0,1
0.94066,0.031156,0.33792,0,-0.030502,0.99951,-0.0072441,0,-0.33798,-0.0034931,0.94115,0,0,0,0,1
0.93993,0.0299,0.34007,0,-0.028138,0.99955,-0.01011,0,-0.34022,-6.6086e-05,0.94035,0,0,0,0,1
0.93891,0.029145,0.34294,0,-0.02646,0.99957,-0.012509,0,-0.34316,0.0026707,0.93927,0,0,0,0,1
0.93807,0.028759,0.34525,0,-0.025436,0.99958,-0.014152,0,-0.34551,0.0044937,0.9384,0,0,0,0,1
0.93724,0.028046,0.34756,0,-0.024517,0.99959,-0.014548,0,-0.34782,0.005114,0.93755,0,0,0,0,1
0.93642,0.026222,0.34991,0,-0.02291,0.99964,-0.013603,0,-0.35015,0.0047214,0.93668,0,0,0,0,1
0.93571,0.024257,0.35194,0,-0.021351,0.9997,-0.012138,0,-0.35213,0.0038432,0.93594,0,0,0,0,1
0.93467,0.021504,0.35486,0,-0.019174,0.99977,-0.010084,0,-0.355,0.0026212,0.93486,0,0,0,0,1
0.93378,0.019054,0.35734,0,-0.017283,0.99982,-0.0081504,0,-0.35743,0.0014347,0.93394,0,0,0,0,1
0.93288,0.017261,0.35979,0,-0.016383,0.99985,-0.0054879,0,-0.35983,-0.00077499,0.93302,0,0,0,0,1
0.9322,0.016158,0.36158,0,-0.016321,0.99986,-0.0026036,0,-0.36157,-0.0034741,0.93234,0,0,0,0,1
0.93141,0.014811,0.36367,0,-0.016083,0.99987,0.00047149,0,-0.36362,-0.0062882,0.93153,0,0,0,0,1
0.93044,0.013301,0.36621,0,-0.015617,0.99987,0.0033619,0,-0.36612,-0.0088469,0.93053,0,0,0,0,1
0.92979,0.012853,0.36786,0,-0.016114,0.99985,0.0057939,0,-0.36774,-0.011315,0.92986,0,0,0,0,1
0.929,0.012599,0.36988,0,-0.016639,0.99983,0.0077347,0,-0.36972,-0.01334,0.92905,0,0,0,0,1
0.92829,0.012914,0.37163,0,-0.017534,0.99981,0.0090575,0,-0.37144,-0.014924,0.92834,0,0,0,0,1
0.9275,0.012854,0.3736,0,-0.017625,0.9998,0.0093574,0,-0.37341,-0.015264,0.92754,0,0,0,0,1
0.92706,0.013398,0.37467,0,-0.018131,0.99979,0.0091103,0,-0.37447,-0.015239,0.92711,0,0,0,0,1
0.92679,0.013896,0.37532,0,-0.01841,0.99979,0.0084445,0,-0.37512,-0.014736,0.92686,0,0,0,0,1
0.92668,0.014347,0.37558,0,-0.018652,0.9998,0.0078289,0,-0.37539,-0.01426,0.92676,0,0,0,0,1
0.92675,0.014947,0.37538,0,-0.01889,0.9998,0.0068266,0,-0.37521,-0.013418,0.92684,0,0,0,0,1
0.92682,0.015676,0.37517,0,-0.019379,0.99979,0.0060992,0,-0.375,-0.012923,0.92693,0,0,0,0,1
0.92691,0.016438,0.37493,0,-0.019949,0.99979,0.005485,0,-0.37476,-0.012564,0.92704,0,0,0,0,1
0.92686,0.016971,0.37501,0,-0.020493,0.99978,0.0054039,0,-0.37484,-0.012694,0.927,0,0,0,0,1
0.92697,0.018009,0.3747,0,-0.021673,0.99975,0.0055665,0,-0.37451,-0.013281,0.92713,0,0,0,0,1
0.92719,0.019406,0.37409,0,-0.02349,0.9997,0.0063611,0,-0.37385,-0.014685,0.92737,0,0,0,0,1
0.9273,0.021189,0.37372,0,-0.025713,0.99964,0.0071229,0,-0.37343,-0.016214,0.92752,0,0,0,0,1
0.92736,0.022859,0.37347,0,-0.027795,0.99958,0.0078361,0,-0.37314,-0.017647,0.92761,0,0,0,0,1
0.92752,0.023996,0.373,0,-0.029129,0.99954,0.0081291,0,-0.37264,-0.018405,0.92779,0,0,0,0,1
0.92776,0.025753,0.37229,0,-0.03124,0.99947,0.0087148,0,-0.37187,-0.019716,0.92808,0,0,0,0,1
0.92749,0.026507,0.37291,0,-0.032306,0.99943,0.0093116,0,-0.37245,-0.020684,0.92782,0,0,0,0,1
0.92729,0.027311,0.37334,0,-0.033398,0.99939,0.0098441,0,-0.37285,-0.021597,0.92764,0,0,0,0,1
0.92688,0.027574,0.37433,0,-0.033829,0.99938,0.010147,0,-0.37382,-0.022069,0.92724,0,0,0,0,1
0.92635,0.027057,0.37569,0,-0.033277,0.9994,0.010077,0,-0.37519,-0.021836,0.92669,0,0,0,0,1
0.92543,0.025526,0.37807,0,-0.031516,0.99946,0.0096622,0,-0.37761,-0.020857,0.92573,0,0,0,0,1
0.92471,0.024311,0.37989,0,-0.029992,0.99951,0.009041,0,-0.37949,-0.019754,0.92499,0,0,0,0,1
0.92394,0.022887,0.38184,0,-0.02816,0.99957,0.0082266,0,-0.38149,-0.018354,0.92419,0,0,0,0,1
0.92301,0.021172,0.3842,0,-0.026015,0.99963,0.0074123,0,-0.3839,-0.016836,0.92322,0,0,0,0,1
0.9222,0.019623,0.38621,0,-0.02405,0.99969,0.0066328,0,-0.38596,-0.015405,0.92239,0,0,0,0,1
0.92123,0.01793,0.38861,0,-0.02207,0.99974,0.0061913,0,-0.3884,-0.01428,0.92138,0,0,0,0,1
0.92042,0.016966,0.39057,0,-0.021217,0.99975,0.0065714,0,-0.39036,-0.014335,0.92055,0,0,0,0,1
0.91958,0.016132,0.39256,0,-0.02093,0.99975,0.0079458,0,-0.39234,-0.015523,0.91969,0,0,0,0,1
0.91846,0.014348,0.39526,0,-0.020068,0.99975,0.01034,0,-0.39501,-0.017429,0.91851,0,0,0,0,1
0.9174,0.012714,0.39777,0,-0.019638,0.99972,0.013338,0,-0.39749,-0.020048,0.91739,0,0,0,0,1
0.91594,0.010711,0.40116,0,-0.018958,0.99968,0.016594,0,-0.40086,-0.022805,0.91586,0,0,0,0,1
0.91427,0.0087447,0.40501,0,-0.018468,0.99963,0.020105,0,-0.40469,-0.025861,0.91409,0,0,0,0,1
0.91238,0.0062742,0.4093,0,-0.01721,0.99959,0.02304,0,-0.40899,-0.028065,0.91211,0,0,0,0,1
0.91051,0.0040523,0.41347,0,-0.01608,0.99954,0.025614,0,-0.41318,-0.02997,0.91016,0,0,0,0,1
0.90883,0.0024904,0.41715,0,-0.015565,0.99949,0.027945,0,-0.41687,-0.03189,0.90841,0,0,0,0,1
0.90718,0.0011242,0.42075,0,-0.015203,0.99943,0.030109,0,-0.42048,-0.033711,0.90668,0,0,0,0,1
0.90558,-0.00022128,0.42417,0,-0.014707,0.99938,0.03192,0,-0.42391,-0.035145,0.90502,0,0,0,0,1
0.90419,-0.0012467,0.42712,0,-0.014542,0.99933,0.033701,0,-0.42688,-0.036683,0.90357,0,0,0,0,1
0.90314,-0.0015605,0.42935,0,-0.015062,0.99926,0.035315,0,-0.42908,-0.038362,0.90245,0,0,0,0,1
0.90218,-0.0017163,0.43136,0,-0.015629,0.99921,0.036662,0,-0.43108,-0.039818,0.90143,0,0,0,0,1
0.90125,-0.0015572,0.4333,0,-0.016456,0.99915,0.037819,0,-0.43299,-0.041215,0.90046,0,0,0,0,1
0.90055,-0.0011474,0.43474,0,-0.017349,0.99911,0.038575,0,-0.4344,-0.042281,0.89973,0,0,0,0,1
0.90003,-0.00039271,0.43583,0,-0.018613,0.99905,0.039337,0,-0.43543,-0.043517,0.89917,0,0,0,0,1
0.89959,0.00051813,0.43674,0,-0.020105,0.99899,0.040228,0,-0.43628,-0.044969,0.89869,0,0,0,0,1
0.89921,0.0010829,0.43751,0,-0.021095,0.99894,0.040885,0,-0.437,-0.045994,0.89828,0,0,0,0,1
0.89885,0.0015531,0.43826,0,-0.02189,0.9989,0.041354,0,-0.43772,-0.046764,0.8979,0,0,0,0,1
0.89851,0.0017721,0.43895,0,-0.022433,0.99887,0.041887,0,-0.43838,-0.047483,0.89753,0,0,0,0,1
0.89833,0.0018344,0.43931,0,-0.022642,0.99886,0.042129,0,-0.43873,-0.047793,0.89735,0,0,0,0,1
0.89771,0.00076773,0.44058,0,-0.021486,0.99888,0.042038,0,-0.44006,-0.047204,0.89673,0,0,0,0,1
0.8971,-0.00078287,0.44182,0,-0.019602,0.99894,0.041571,0,-0.44138,-0.045954,0.89614,0,0,0,0,1
0.89676,-0.0018938,0.44251,0,-0.018195,0.99899,0.041149,0,-0.44214,-0.044952,0.89582,0,0,0,0,1
0.89602,-0.003331,0.44399,0,-0.016171,0.99906,0.040131,0,-0.44371,-0.043138,0.89513,0,0,0,0,1
0.89573,-0.004565,0.44457,0,-0.014339,0.99913,0.03915,0,-0.44436,-0.041442,0.89489,0,0,0,0,1
0.89537,-0.0060009,0.44528,0,-0.012159,0.99921,0.037917,0,-0.44515,-0.039364,0.89459,0,0,0,0,1
0.89501,-0.0073889,0.44598,0,-0.010162,0.99927,0.03695,0,-0.44592,-0.037603,0.89428,0,0,0,0,1
0.89478,-0.0086364,0.44642,0,-0.0084891,0.9993,0.036348,0,-0.44642,-0.036313,0.89409,0,0,0,0,1
0.89491,-0.0092937,0.44615,0,-0.0075044,0.99933,0.035869,0,-0.44618,-0.035448,0.89424,0,0,0,0,1
0.89489,-0.010153,0.44617,0,-0.0063977,0.99935,0.035573,0,-0.44624,-0.034688,0.89424,0,0,0,0,1
0.89533,-0.010298,0.44529,0,-0.0062137,0.99935,0.035606,0,-0.44537,-0.034645,0.89468,0,0,0,0,1
0.89567,-0.010396,0.44459,0,-0.0059259,0.99936,0.035307,0,-0.44467,-0.034258,0.89504,0,0,0,0,1
0.89638,-0.01006,0.44317,0,-0.0062767,0.99935,0.035382,0,-0.44323,-0.034497,0.89574,0,0,0,0,1
0.89664,-0.010235,0.44265,0,-0.0061418,0.99935,0.035548,0,-0.44272,-0.034592,0.89599,0,0,0,0,1
0.89728,-0.010321,0.44133,0,-0.006195,0.99933,0.035965,0,-0.44141,-0.035005,0.89662,0,0,0,0,1
0.8975,-0.011248,0.44086,0,-0.0050086,0.99935,0.035693,0,-0.44098,-0.034242,0.89686,0,0,0,0,1
0.89787,-0.012318,0.4401,0,-0.0033002,0.99939,0.034705,0,-0.44026,-0.032613,0.89728,0,0,0,0,1
0.89791,-0.015046,0.43992,0,0.00095531,0.99948,0.032234,0,-0.44018,-0.028523,0.89746,0,0,0,0,1
0.89807,-0.019894,0.43941,0,0.0088587,0.99959,0.02715,0,-0.43977,-0.02049,0.89788,0,0,0,0,1
0.89989,-0.02861,0.43518,0,0.022661,0.99957,0.018855,0,-0.43553,-0.007106,0.90014,0,0,0,0,1
0.90432,-0.043817,0.42459,0,0.045138,0.99896,0.0069528,0,-0.42446,0.012878,0.90536,0,0,0,0,1
0.91173,-0.068265,0.40508,0,0.077575,0.99696,-0.0065903,0,-0.4034,0.037433,0.91426,0,0,0,0,1
0.92161,-0.10144,0.37464,0,0.11748,0.99287,-0.020161,0,-0.36992,0.062592,0.92695,0,0,0,0,1
0.93267,-0.13844,0.3331,0,0.15828,0.98684,-0.033038,0,-0.32414,0.083537,0.94231,0,0,0,0,1
0.94268,-0.17347,0.28505,0,0.19431,0.97985,-0.046272,0,-0.27128,0.099007,0.95739,0,0,0,0,1
0.95084,-0.20124,0.2354,0,0.22157,0.9731,-0.063108,0,-0.21636,0.11216,0.96985,0,0,0,0,1
0.96024,-0.21218,0.18143,0,0.22886,0.97046,-0.076336,0,-0.15987,0.11482,0.98044,0,0,0,0,1
0.97011,-0.20693,0.12674,0,0.21896,0.9716,-0.089695,0,-0.10458,0.11476,0.98787,0,0,0,0,1
0.98009,-0.18507,0.07195,0,0.19139,0.97698,-0.094194,0,-0.052862,0.10609,0.99295,0,0,0,0,1
0.98701,-0.15853,0.026229,0,0.16035,0.98232,-0.096612,0,-0.010449,0.099562,0.99498,0,0,0,0,1
0.99258,-0.11887,-0.025793,0,0.11603,0.98895,-0.092288,0,0.036478,0.08861,0.9954,0,0,0,0,1
0.99426,-0.079822,-0.071184,0,0.073768,0.99373,-0.083969,0,0.077441,0.078236,0.99392,0,0,0,0,1
0.99312,-0.042596,-0.10909,0,0.034815,0.99678,-0.072265,0,0.11182,0.067969,0.9914,0,0,0,0,1
0.98963,-0.0066327,-0.14346,0,-0.0014065,0.99844,-0.055865,0,0.1436,0.055488,0.98808,0,0,0,0,1
0.98559,0.021471,-0.16777,0,-0.028604,0.99878,-0.040216,0,0.1667,0.044436,0.98501,0,0,0,0,1
0.98215,0.040752,-0.18361,0,-0.04752,0.99834,-0.032609,0,0.18197,0.040752,0.98246,0,0,0,0,1
0.98004,0.051979,-0.19187,0,-0.05974,0.9976,-0.034884,0,0.1896,0.045651,0.9808,0,0,0,0,1
0.9796,0.057049,-0.19269,0,-0.066667,0.99681,-0.043794,0,0.18958,0.055747,0.98028,0,0,0,0,1
0.98027,0.059561,-0.18846,0,-0.071093,0.99595,-0.055027,0,0.18442,0.067339,0.98054,0,0,0,0,1
0.98169,0.061264,-0.18035,0,-0.074347,0.995,-0.066695,0,0.17536,0.078882,0.98134,0,0,0,0,1
0.98368,0.063732,-0.16827,0,-0.077255,0.99418,-0.075076,0,0.1625,0.08685,0.98288,0,0,0,0,1
0.98597,0.068427,-0.15224,0,-0.080932,0.9937,-0.07751,0,0.14598,0.088744,0.9853,0,0,0,0,1
0.98816,0.076434,-0.13305,0,-0.086701,0.99354,-0.073156,0,0.1266,0.083826,0.98841,0,0,0,0,1
0.99015,0.086523,-0.11005,0,-0.093892,0.99355,-0.063638,0,0.10383,0.073344,0.99189,0,0,0,0,1
0.99185,0.09636,-0.083365,0,-0.10111,0.99336,-0.054811,0,0.07753,0.062794,0.99501,0,0,0,0,1
0.99303,0.10418,-0.05509,0,-0.10725,0.99265,-0.05612,0,0.048838,0.061637,0.9969,0,0,0,0,1
0.99365,0.10917,-0.027119,0,-0.11078,0.99155,-0.067468,0,0.019524,0.070044,0.99735,0,0,0,0,1
0.99368,0.11221,-0.0010123,0,-0.11194,0.9905,-0.079834,0,-0.0079558,0.079443,0.99681,0,0,0,0,1
0.99297,0.11661,0.020297,0,-0.11447,0.9897,-0.085938,0,-0.030109,0.083011,0.99609,0,0,0,0,1
0.99192,0.11974,0.041998,0,-0.11581,0.98954,-0.086002,0,-0.051856,0.080443,0.99541,0,0,0,0,1
0.99021,0.12425,0.063574,0,-0.11892,0.98953,-0.081738,0,-0.073065,0.073378,0.99462,0,0,0,0,1
0.98813,0.12737,0.085904,0,-0.12037,0.98931,-0.082294,0,-0.095468,0.070977,0.9929,0,0,0,0,1
0.9858,0.1283,0.10836,0,-0.11874,0.9888,-0.090444,0,-0.11875,0.076292,0.98999,0,0,0,0,1
0.98342,0.12804,0.1284,0,-0.11582,0.98837,-0.098549,0,-0.13952,0.082045,0.98681,0,0,0,0,1
0.9809,0.12942,0.14519,0,-0.11613,0.98853,-0.096583,0,-0.15602,0.077879,0.98468,0,0,0,0,1
0.97845,0.13574,0.15557,0,-0.12478,0.9891,-0.078191,0,-0.16449,0.057094,0.98472,0,0,0,0,1
0.97659,0.14332,0.16042,0,-0.13674,0.98927,-0.051383,0,-0.16606,0.028244,0.98571,0,0,0,0,1
0.97594,0.14667,0.16131,0,-0.14248,0.98909,-0.037334,0,-0.16503,0.013453,0.9862,0,0,0,0,1
0.97612,0.14398,0.16265,0,-0.13838,0.98934,-0.045344,0,-0.16745,0.021753,0.98564,0,0,0,0,1
0.97623,0.13854,0.16668,0,-0.12957,0.98953,-0.063595,0,-0.17375,0.040487,0.98396,0,0,0,0,1
0.97566,0.13334,0.17408,0,-0.12157,0.98962,-0.076661,0,-0.18249,0.053634,0.98174,0,0,0,0,1
0.97461,0.13129,0.18139,0,-0.11905,0.98991,-0.076832,0,-0.18965,0.053287,0.9804,0,0,0,0,1
0.97389,0.13261,0.18426,0,-0.12212,0.99024,-0.06721,0,-0.19137,0.042954,0.98058,0,0,0,0,1
0.97385,0.13305,0.18416,0,-0.12371,0.99042,-0.061408,0,-0.19056,0.037021,0.98098,0,0,0,0,1
0.97431,0.13163,0.18273,0,-0.12189,0.99051,-0.063566,0,-0.18937,0.039659,0.98111,0,0,0,0,1
0.97477,0.13039,0.18117,0,-0.1201,0.99052,-0.066684,0,-0.18815,0.043242,0.98119,0,0,0,0,1
0.97486,0.13108,0.18019,0,-0.12155,0.99059,-0.062979,0,-0.18675,0.039493,0.98161,0,0,0,0,1
0.97462,0.1333,0.17987,0,-0.12594,0.99069,-0.051757,0,-0.18509,0.02779,0.98233,0,0,0,0,1
0.97475,0.13505,0.17784,0,-0.12985,0.9907,-0.04059,0,-0.18167,0.016472,0.98322,0,0,0,0,1
0.97517,0.13356,0.17666,0,-0.12865,0.99092,-0.03902,0,-0.18026,0.015324,0.9835,0,0,0,0,1
0.97547,0.12951,0.17798,0,-0.1231,0.9913,-0.04668,0,-0.18247,0.023627,0.98293,0,0,0,0,1
0.97556,0.12636,0.17976,0,-0.11845,0.99149,-0.054089,0,-0.18507,0.031474,0.98222,0,0,0,0,1
0.97538,0.12668,0.18054,0,-0.1187,0.99144,-0.054356,0,-0.18588,0.031587,0.98207,0,0,0,0,1
0.97516,0.12861,0.18036,0,-0.12204,0.99141,-0.047088,0,-0.18487,0.023907,0.98247,0,0,0,0,1
0.97526,0.13105,0.17801,0,-0.12589,0.99124,-0.040006,0,-0.18169,0.016606,0.98321,0,0,0,0,1
0.9755,0.13103,0.17671,0,-0.12598,0.99124,-0.039552,0,-0.18034,0.016322,0.98347,0,0,0,0,1
0.97536,0.12884,0.17909,0,-0.1226,0.99141,-0.045522,0,-0.18342,0.022442,0.98278,0,0,0,0,1
0.97522,0.12754,0.18076,0,-0.12058,0.99149,-0.049039,0,-0.18548,0.026028,0.9823,0,0,0,0,1
0.97504,0.12887,0.18081,0,-0.12247,0.9914,-0.046176,0,-0.18521,0.02288,0.98243,0,0,0,0,1
0.97526,0.1317,0.17757,0,-0.12693,0.99118,-0.038018,0,-0.18101,0.014538,0.98337,0,0,0,0,1
0.97537,0.13389,0.17528,0,-0.13046,0.99097,-0.030959,0,-0.17784,0.0073285,0.98403,0,0,0,0,1
0.97569,0.13468,0.17289,0,-0.13144,0.99087,-0.030061,0,-0.17536,0.0066049,0.98448,0,0,0,0,1
0.97596,0.13374,0.1721,0,-0.12984,0.99096,-0.033795,0,-0.17506,0.010637,0.9845,0,0,0,0,1
0.976,0.13324,0.17224,0,-0.12874,0.99098,-0.03711,0,-0.17563,0.014045,0.98436,0,0,0,0,1
0.97601,0.1337,0.17183,0,-0.12929,0.99093,-0.036649,0,-0.17517,0.013554,0.98445,0,0,0,0,1
0.97604,0.13509,0.17057,0,-0.13141,0.99079,-0.032721,0,-0.17342,0.0095218,0.9848,0,0,0,0,1
0.97608,0.13614,0.16954,0,-0.13343,0.99068,-0.027328,0,-0.17168,0.0040535,0.98514,0,0,0,0,1
0.97596,0.13671,0.16975,0,-0.13454,0.99061,-0.024284,0,-0.17147,0.00086277,0.98519,0,0,0,0,1
0.97566,0.13657,0.17155,0,-0.13458,0.99063,-0.023228,0,-0.17312,-0.00042418,0.9849,0,0,0,0,1
0.97527,0.13608,0.17415,0,-0.13424,0.9907,-0.022358,0,-0.17557,-0.0015718,0.98447,0,0,0,0,1
0.97498,0.13704,0.17501,0,-0.13551,0.99056,-0.020722,0,-0.17619,-0.0035115,0.98435,0,0,0,0,1
0.97478,0.13809,0.17532,0,-0.13718,0.99039,-0.017371,0,-0.17603,-0.0071163,0.98436,0,0,0,0,1
0.97453,0.13908,0.1759,0,-0.13889,0.99022,-0.01347,0,-0.17605,-0.011303,0.98432,0,0,0,0,1
0.97428,0.14036,0.17628,0,-0.14084,0.98998,-0.009844,0,-0.17589,-0.015237,0.98429,0,0,0,0,1
0.9739,0.14091,0.17796,0,-0.14191,0.98985,-0.0071961,0,-0.17717,-0.018246,0.98401,0,0,0,0,1
0.97344,0.14189,0.17968,0,-0.14327,0.98967,-0.0053053,0,-0.17857,-0.020579,0.98371,0,0,0,0,1
0.97293,0.14285,0.18167,0,-0.14444,0.9895,-0.0045481,0,-0.18041,-0.021815,0.98335,0,0,0,0,1
0.97242,0.14377,0.18368,0,-0.14542,0.98936,-0.0044949,0,-0.18237,-0.02234,0.98298,0,0,0,0,1
0.97191,0.14572,0.18481,0,-0.14733,0.98907,-0.0050772,0,-0.18353,-0.022293,0.98276,0,0,0,0,1
0.97147,0.14784,0.18544,0,-0.14936,0.98877,-0.0058312,0,-0.18422,-0.022033,0.98264,0,0,0,0,1
0.97108,0.15061,0.18526,0,-0.15205,0.98835,-0.0064831,0,-0.18407,-0.021873,0.98267,0,0,0,0,1
0.97064,0.15389,0.18488,0,-0.15538,0.98783,-0.0064664,0,-0.18362,-0.022451,0.98274,0,0,0,0,1
0.97018,0.15703,0.18462,0,-0.1586,0.98732,-0.0063124,0,-0.18327,-0.023157,0.98279,0,0,0,0,1
0.96967,0.15989,0.18484,0,-0.16166,0.98683,-0.0055402,0,-0.1833,-0.024509,0.98275,0,0,0,0,1
0.96908,0.16304,0.1852,0,-0.1651,0.98627,-0.0043221,0,-0.18336,-0.026389,0.98269,0,0,0,0,1
0.96852,0.1655,0.18598,0,-0.16777,0.98582,-0.0035498,0,-0.18393,-0.027764,0.98255,0,0,0,0,1
