0.99664,0.033445,0.07477,0,-0.031398,0.9991,-0.028383,0,-0.075652,0.02594,0.9968,0,0,0,0,1
0.99701,0.036977,0.067911,0,-0.035279,0.99904,-0.026029,0,-0.068808,0.023556,0.99735,0,0,0,0,1
0.99734,0.041452,0.059951,0,-0.040156,0.99894,-0.022664,0,-0.060827,0.020196,0.99794,0,0,0,0,1
0.9976,0.044306,0.053242,0,-0.043277,0.99886,-0.020338,0,-0.054082,0.017985,0.99837,0,0,0,0,1
0.99782,0.044787,0.048553,0,-0.043861,0.99884,-0.019977,0,-0.049392,0.017803,0.99862,0,0,0,0,1
0.99801,0.044132,0.045136,0,-0.043205,0.99884,-0.021322,0,-0.046025,0.019329,0.99875,0,0,0,0,1
0.99822,0.042763,0.041579,0,-0.041815,0.99885,-0.0234,0,-0.042532,0.02162,0.99886,0,0,0,0,1
0.99847,0.040539,0.037638,0,-0.03954,0.99886,-0.026926,0,-0.038686,0.025396,0.99893,0,0,0,0,1
0.99874,0.037879,0.032876,0,-0.03688,0.99885,-0.030487,0,-0.033993,0.029236,0.99899,0,0,0,0,1
0.99891,0.035494,0.030207,0,-0.034549,0.99891,-0.031257,0,-0.031284,0.030179,0.99905,0,0,0,0,1
0.99903,0.03349,0.028532,0,-0.032612,0.999,-0.030718,0,-0.029532,0.029758,0.99912,0,0,0,0,1
0.99912,0.032167,0.027049,0,-0.031366,0.99907,-0.029516,0,-0.027974,0.028641,0.9992,0,0,0,0,1
0.99919,0.030249,0.026631,0,-0.029521,0.99919,-0.027301,0,-0.027435,0.026493,0.99927,0,0,0,0,1
0.99925,0.028313,0.026264,0,-0.027665,0.99931,-0.024738,0,-0.026946,0.023993,0.99935,0,0,0,0,1
0.99933,0.026168,0.025654,0,-0.0256,0.99943,-0.022226,0,-0.02622,0.021555,0.99942,0,0,0,0,1
0.99942,0.023745,0.024327,0,-0.023255,0.99953,-0.020221,0,-0.024796,0.019644,0.9995,0,0,0,0,1
0.99952,0.020571,0.023071,0,-0.020163,0.99964,-0.017744,0,-0.023428,0.017271,0.99958,0,0,0,0,1
0.99963,0.017693,0.020838,0,-0.017373,0.99973,-0.015442,0,-0.021105,0.015074,0.99966,0,0,0,0,1
0.99972,0.012598,0.020105,0,-0.01236,0.99985,-0.011935,0,-0.020252,0.011683,0.99973,0,0,0,0,1
0.99977,0.0082188,0.02,0,-0.0080463,0.99993,-0.0086899,0,-0.02007,0.0085269,0.99976,0,0,0,0,1
0.99981,0.0042578,0.019128,0,-0.0041477,0.99997,-0.0057934,0,-0.019152,0.005713,0.9998,0,0,0,0,1
0.99984,0.00094232,0.018046,0,-0.00087791,0.99999,-0.0035773,0,-0.018049,0.0035609,0.99983,0,0,0,0,1
0.99988,-0.0013961,0.015411,0,0.001424,1,-0.0017975,0,-0.015408,0.0018192,0.99988,0,0,0,0,1
0.99993,-0.0021292,0.011624,0,0.0021392,1,-0.00085515,0,-0.011622,0.00087996,0.99993,0,0,0,0,1
0.99996,-0.002583,0.0085869,0,0.0025811,1,0.00022688,0,-0.0085875,-0.00020471,0.99996,0,0,0,0,1
0.99998,-0.0030019,0.006161,0,0.0030009,1,0.00017453,0,-0.0061615,-0.00015604,0.99998,0,0,0,0,1
0.99998,-0.0037,0.00466,0,0.0037,0.99999,1.7453e-05,0,-0.00466,-2.1071e-07,0.99999,0,0,0,0,1
0.99998,-0.0038571,0.0038921,0,0.0038528,0.99999,0.001117,0,-0.0038964,-0.001102,0.99999,0,0,0,0,1
0.99999,-0.0036652,0.0040666,0,0.0036518,0.99999,0.0032812,0,-0.0040786,-0.0032663,0.99999,0,0,0,0,1
0.99998,-0.0037175,0.0047473,0,0.0036904,0.99998,0.0057071,0,-0.0047684,-0.0056895,0.99997,0,0,0,0,1
0.99998,-0.0037349,0.0054803,0,0.0036916,0.99996,0.0078887,0,-0.0055096,-0.0078683,0.99995,0,0,0,0,1
0.99997,-0.0036826,0.0060563,0,0.0036271,0.99995,0.0091452,0,-0.0060896,-0.009123,0.99994,0,0,0,0,1
0.99997,-0.0032637,0.006353,0,0.0032056,0.99995,0.0091278,0,-0.0063824,-0.0091072,0.99994,0,0,0,0,1
0.99997,-0.0027052,0.0066322,0,0.0026524,0.99996,0.0079584,0,-0.0066535,-0.0079406,0.99995,0,0,0,0,1
0.99998,-0.0019198,0.0060737,0,0.0018835,0.99998,0.0059863,0,-0.0060851,-0.0059748,0.99996,0,0,0,0,1
0.99999,-0.0015882,0.0051312,0,0.0015667,0.99999,0.0041887,0,-0.0051378,-0.0041806,0.99998,0,0,0,0,1
0.99999,-0.0012043,0.0032463,0,0.0011966,1,0.0023736,0,-0.0032492,-0.0023697,0.99999,0,0,0,0,1
1,0,0,0,0,1,0,0,0,0,1,0,0,0,0,1
0.99999,0.0015533,-0.0039444,0,-0.001559,1,-0.0014312,0,0.0039422,0.0014373,0.99999,0,0,0,0,1
0.99996,0.0029321,-0.008203,0,-0.0029482,0.99999,-0.0019547,0,0.0081972,0.0019788,0.99996,0,0,0,0,1
0.99991,0.0040488,-0.013107,0,-0.0040919,0.99999,-0.0032635,0,0.013094,0.0033168,0.99991,0,0,0,0,1
0.99983,0.0044848,-0.017801,0,-0.0045706,0.99998,-0.0047814,0,0.01778,0.004862,0.99983,0,0,0,0,1
0.99972,0.0055486,-0.023211,0,-0.0056833,0.99997,-0.0057406,0,0.023178,0.0058708,0.99971,0,0,0,0,1
0.99957,0.0060014,-0.028759,0,-0.0062035,0.99996,-0.0069435,0,0.028716,0.0071189,0.99956,0,0,0,0,1
0.9994,0.0059655,-0.034115,0,-0.0062564,0.99994,-0.0084249,0,0.034062,0.0086333,0.99938,0,0,0,0,1
0.99918,0.0060688,-0.040097,0,-0.0064967,0.99992,-0.010551,0,0.04003,0.010802,0.99914,0,0,0,0,1
0.99897,0.0051086,-0.045189,0,-0.0056938,0.9999,-0.012832,0,0.045119,0.013076,0.9989,0,0,0,0,1
0.99875,0.0040616,-0.049791,0,-0.0048213,0.99987,-0.015148,0,0.049723,0.015369,0.99864,0,0,0,0,1
0.99853,0.0027536,-0.054201,0,-0.0037145,0.99984,-0.017636,0,0.054143,0.017811,0.99837,0,0,0,0,1
0.99834,0.00048788,-0.057634,0,-0.0016493,0.9998,-0.020106,0,0.057612,0.020168,0.99814,0,0,0,0,1
0.9981,-0.0020207,-0.061571,0,0.00065836,0.99975,-0.022139,0,0.061601,0.022057,0.99786,0,0,0,0,1
0.99788,-0.0058694,-0.064759,0,0.0043057,0.9997,-0.024259,0,0.064881,0.023929,0.99761,0,0,0,0,1
0.99767,-0.01064,-0.067371,0,0.0088081,0.99959,-0.027423,0,0.067635,0.026766,0.99735,0,0,0,0,1
0.99734,-0.016852,-0.070853,0,0.014637,0.99939,-0.031662,0,0.071344,0.030541,0.99698,0,0,0,0,1
0.99678,-0.026206,-0.075779,0,0.023427,0.99903,-0.037338,0,0.076684,0.035443,0.99643,0,0,0,0,1
0.99565,-0.039589,-0.084304,0,0.036003,0.9984,-0.043638,0,0.085897,0.040413,0.99548,0,0,0,0,1
0.99462,-0.065156,-0.080564,0,0.06107,0.99677,-0.052183,0,0.083704,0.046982,0.99538,0,0,0,0,1
0.99281,-0.088501,-0.080634,0,0.083882,0.99473,-0.058974,0,0.085428,0.051786,0.995,0,0,0,0,1
0.99141,-0.10532,-0.077606,0,0.10038,0.99282,-0.065015,0,0.083897,0.056666,0.99486,0,0,0,0,1
0.99058,-0.11407,-0.075744,0,0.10885,0.9916,-0.069816,0,0.083073,0.060914,0.99468,0,0,0,0,1
0.98977,-0.11723,-0.081347,0,0.11122,0.99097,-0.074904,0,0.089394,0.06509,0.99387,0,0,0,0,1
0.98823,-0.12104,-0.093587,0,0.11378,0.99033,-0.079397,0,0.10229,0.067813,0.99244,0,0,0,0,1
0.98591,-0.12401,-0.1123,0,0.1151,0.98991,-0.082647,0,0.12142,0.068557,0.99023,0,0,0,0,1
0.98264,-0.12748,-0.13478,0,0.11667,0.9895,-0.085327,0,0.14424,0.068121,0.98719,0,0,0,0,1
0.97892,-0.1303,-0.1573,0,0.11775,0.98925,-0.086672,0,0.1669,0.066323,0.98374,0,0,0,0,1
0.97543,-0.12972,-0.17808,0,0.11568,0.98946,-0.087114,0,0.1875,0.064373,0.98015,0,0,0,0,1
0.97232,-0.12696,-0.19613,0,0.11193,0.99,-0.085906,0,0.20508,0.061574,0.97681,0,0,0,0,1
0.97028,-0.12466,-0.20742,0,0.10924,0.99044,-0.084223,0,0.21593,0.059061,0.97462,0,0,0,0,1
0.96934,-0.12184,-0.21341,0,0.10575,0.99073,-0.085284,0,0.22182,0.060101,0.97323,0,0,0,0,1
0.96886,-0.1146,-0.21949,0,0.097206,0.99132,-0.088524,0,0.22773,0.064432,0.97159,0,0,0,0,1
0.9683,-0.10379,-0.22721,0,0.084621,0.9921,-0.092561,0,0.23503,0.070399,0.96944,0,0,0,0,1
0.96794,-0.092503,-0.23351,0,0.071626,0.99276,-0.096371,0,0.24074,0.076556,0.96757,0,0,0,0,1
0.96754,-0.080737,-0.23947,0,0.05831,0.99335,-0.099313,0,0.24589,0.082126,0.96581,0,0,0,0,1
0.96688,-0.069714,-0.24551,0,0.045925,0.99379,-0.10133,0,0.25105,0.086699,0.96408,0,0,0,0,1
0.9662,-0.059231,-0.25089,0,0.034396,0.99416,-0.10224,0,0.25548,0.090159,0.9626,0,0,0,0,1
0.96558,-0.050976,-0.25506,0,0.02578,0.99453,-0.10117,0,0.25882,0.091114,0.96162,0,0,0,0,1
0.96507,-0.043959,-0.25826,0,0.01876,0.99489,-0.099238,0,0.2613,0.090927,0.96096,0,0,0,0,1
0.96496,-0.037559,-0.25968,0,0.013003,0.99533,-0.095644,0,0.26206,0.088917,0.96095,0,0,0,0,1
0.96531,-0.031432,-0.25921,0,0.0081107,0.99586,-0.090556,0,0.26098,0.085312,0.96157,0,0,0,0,1
0.96768,-0.027604,-0.25068,0,0.0069934,0.99655,-0.08274,0,0.2521,0.078312,0.96453,0,0,0,0,1
0.96635,-0.014236,-0.25685,0,-0.0056895,0.99704,-0.076668,0,0.25718,0.075549,0.96341,0,0,0,0,1
0.96624,-0.0035583,-0.25761,0,-0.01514,0.99739,-0.070565,0,0.25718,0.072083,0.96367,0,0,0,0,1
0.96901,0.0012008,-0.24703,0,-0.017853,0.99771,-0.065182,0,0.24639,0.067572,0.96681,0,0,0,0,1
0.96958,0.0089861,-0.2446,0,-0.024641,0.99783,-0.061018,0,0.24352,0.065189,0.9677,0,0,0,0,1
0.97076,0.014453,-0.2396,0,-0.029107,0.99791,-0.057731,0,0.23827,0.063017,0.96915,0,0,0,0,1
0.97176,0.020576,-0.23507,0,-0.034626,0.99784,-0.055799,0,0.23342,0.062362,0.97037,0,0,0,0,1
0.97234,0.026481,-0.23205,0,-0.040367,0.99765,-0.055298,0,0.23004,0.063136,0.97113,0,0,0,0,1
0.97291,0.030983,-0.22908,0,-0.044612,0.99751,-0.054558,0,0.22682,0.0633,0.97188,0,0,0,0,1
0.97342,0.03435,-0.22643,0,-0.046924,0.99763,-0.050382,0,0.22416,0.059668,0.97272,0,0,0,0,1
0.97381,0.03758,-0.22424,0,-0.048877,0.99779,-0.04504,0,0.22205,0.054821,0.97349,0,0,0,0,1
0.97405,0.040484,-0.22267,0,-0.051338,0.99775,-0.04317,0,0.22042,0.053482,0.97394,0,0,0,0,1
0.97414,0.043639,-0.22168,0,-0.054386,0.99761,-0.042602,0,0.2193,0.053557,0.97419,0,0,0,0,1
0.97453,0.047287,-0.21922,0,-0.058379,0.99731,-0.044396,0,0.21653,0.056063,0.97467,0,0,0,0,1
0.97572,0.051289,-0.21293,0,-0.063502,0.99668,-0.050914,0,0.20961,0.0632,0.97574,0,0,0,0,1
0.97575,0.060722,-0.2103,0,-0.075548,0.99514,-0.063191,0,0.20544,0.077547,0.97559,0,0,0,0,1
0.97409,0.075825,-0.21306,0,-0.093243,0.99297,-0.072917,0,0.20604,0.090895,0.97431,0,0,0,0,1
0.97127,0.0946,-0.21838,0,-0.11249,0.99112,-0.070961,0,0.20973,0.093487,0.97328,0,0,0,0,1
0.96866,0.11182,-0.2218,0,-0.13205,0.98813,-0.078541,0,0.21039,0.10537,0.97192,0,0,0,0,1
0.96913,0.11654,-0.21726,0,-0.14126,0.98471,-0.10193,0,0.20206,0.12947,0.97078,0,0,0,0,1
0.97091,0.11424,-0.21044,0,-0.14236,0.98206,-0.12368,0,0.19253,0.15004,0.96975,0,0,0,0,1
0.97157,0.1135,-0.20778,0,-0.14322,0.98057,-0.13407,0,0.18852,0.16002,0.96894,0,0,0,0,1
0.97106,0.11486,-0.20941,0,-0.14455,0.98059,-0.13244,0,0.19014,0.15887,0.96882,0,0,0,0,1
0.96994,0.11712,-0.21332,0,-0.14587,0.98145,-0.12441,0,0.19479,0.15179,0.96903,0,0,0,0,1
0.96996,0.11674,-0.21341,0,-0.14337,0.9831,-0.11383,0,0.19651,0.14101,0.97031,0,0,0,0,1
0.97248,0.10934,-0.20576,0,-0.13252,0.98587,-0.10244,0,0.19165,0.12689,0.97323,0,0,0,0,1
0.97711,0.095153,-0.19024,0,-0.1138,0.98945,-0.089609,0,0.17971,0.10921,0.97764,0,0,0,0,1
0.98196,0.078989,-0.17183,0,-0.093341,0.99264,-0.077104,0,0.16447,0.091751,0.98211,0,0,0,0,1
0.98458,0.067139,-0.16152,0,-0.079048,0.99452,-0.068463,0,0.15604,0.080175,0.98449,0,0,0,0,1
0.98709,0.055844,-0.1501,0,-0.066457,0.99556,-0.066642,0,0.14572,0.075757,0.98642,0,0,0,0,1
0.98813,0.050523,-0.1451,0,-0.06088,0.99584,-0.067847,0,0.14107,0.075875,0.98709,0,0,0,0,1
0.98863,0.047781,-0.14259,0,-0.058358,0.99577,-0.070939,0,0.1386,0.078454,0.98724,0,0,0,0,1
0.989,0.045792,-0.14068,0,-0.05672,0.99559,-0.074681,0,0.13664,0.081839,0.98723,0,0,0,0,1
0.98975,0.042763,-0.13627,0,-0.053641,0.99557,-0.077176,0,0.13237,0.083694,0.98766,0,0,0,0,1
0.99071,0.039843,-0.13001,0,-0.050208,0.99573,-0.077448,0,0.12637,0.083256,0.98848,0,0,0,0,1
0.99148,0.039961,-0.124,0,-0.049744,0.9958,-0.076835,0,0.12041,0.082348,0.9893,0,0,0,0,1
0.99217,0.040474,-0.1182,0,-0.04971,0.99585,-0.076268,0,0.11462,0.081546,0.99006,0,0,0,0,1
0.99277,0.041176,-0.11272,0,-0.049862,0.99591,-0.075366,0,0.10915,0.080441,0.99076,0,0,0,0,1
0.99331,0.041927,-0.10762,0,-0.050128,0.99595,-0.074664,0,0.10405,0.079559,0.99138,0,0,0,0,1
0.99369,0.042986,-0.10356,0,-0.050892,0.99589,-0.074956,0,0.099908,0.079754,0.9918,0,0,0,0,1
0.99398,0.044024,-0.10031,0,-0.051732,0.9958,-0.075588,0,0.09656,0.080322,0.99208,0,0,0,0,1
0.99403,0.046112,-0.098886,0,-0.053678,0.99572,-0.075269,0,0.094991,0.080128,0.99225,0,0,0,0,1
0.99393,0.048194,-0.098938,0,-0.055565,0.99577,-0.073156,0,0.094994,0.078209,0.9924,0,0,0,0,1
0.99373,0.049089,-0.10041,0,-0.056301,0.99594,-0.070305,0,0.096555,0.075518,0.99246,0,0,0,0,1
0.99337,0.049661,-0.10371,0,-0.056865,0.99608,-0.0677,0,0.099944,0.073149,0.9923,0,0,0,0,1
0.99305,0.049055,-0.10701,0,-0.055966,0.99647,-0.062569,0,0.10356,0.068122,0.99229,0,0,0,0,1
0.99363,0.042202,-0.10446,0,-0.047608,0.99762,-0.049813,0,0.10211,0.054469,0.99328,0,0,0,0,1
0.99502,0.028906,-0.095429,0,-0.032407,0.99885,-0.035348,0,0.094297,0.038264,0.99481,0,0,0,0,1
0.99631,0.015321,-0.08446,0,-0.017646,0.99948,-0.026848,0,0.084006,0.02824,0.99607,0,0,0,0,1
0.99732,0.0042994,-0.073029,0,-0.0060392,0.9997,-0.023619,0,0.072906,0.023996,0.99705,0,0,0,0,1
0.99796,-0.00080122,-0.063766,0,-0.00069078,0.99973,-0.023373,0,0.063767,0.023369,0.99769,0,0,0,0,1
0.99839,-0.00047048,-0.056658,0,-0.0010328,0.99965,-0.026501,0,0.05665,0.026517,0.99804,0,0,0,0,1
0.99872,0.0038174,-0.050506,0,-0.005362,0.99952,-0.030482,0,0.050365,0.030714,0.99826,0,0,0,0,1
0.99886,0.010931,-0.046549,0,-0.012549,0.99932,-0.034618,0,0.046139,0.035162,0.99832,0,0,0,0,1
0.99885,0.019127,-0.043916,0,-0.020743,0.99911,-0.036661,0,0.043176,0.03753,0.99836,0,0,0,0,1
0.99881,0.025719,-0.041387,0,-0.027245,0.99895,-0.036752,0,0.040399,0.037836,0.99847,0,0,0,0,1
0.99881,0.029906,-0.038562,0,-0.031271,0.99889,-0.035292,0,0.037464,0.036456,0.99863,0,0,0,0,1
0.99892,0.030398,-0.035144,0,-0.031577,0.99894,-0.033518,0,0.034088,0.034592,0.99882,0,0,0,0,1
0.99912,0.028187,-0.030975,0,-0.029181,0.99906,-0.032111,0,0.03004,0.032986,0.999,0,0,0,0,1
0.99941,0.023256,-0.025357,0,-0.024111,0.99913,-0.033947,0,0.024545,0.034538,0.9991,0,0,0,0,1
0.99967,0.016367,-0.019634,0,-0.017196,0.99894,-0.042809,0,0.018912,0.043133,0.99889,0,0,0,0,1
0.99979,0.010854,-0.017121,0,-0.011833,0.99824,-0.05813,0,0.01646,0.058321,0.99816,0,0,0,0,1
0.99985,0.0049037,-0.016545,0,-0.0062371,0.99665,-0.081527,0,0.01609,0.081618,0.99653,0,0,0,0,1
0.99988,-0.002164,-0.015079,0,0.00066781,0.99513,-0.098527,0,0.015219,0.098505,0.99502,0,0,0,0,1
0.99989,-0.0067363,-0.013526,0,0.0053718,0.99512,-0.098494,0,0.014123,0.098411,0.99505,0,0,0,0,1
0.99988,-0.0076787,-0.013718,0,0.0065118,0.99651,-0.083166,0,0.014309,0.083066,0.99644,0,0,0,0,1
0.9999,-0.0061081,-0.012915,0,0.0053375,0.99825,-0.058883,0,0.013252,0.058808,0.99818,0,0,0,0,1
0.9999,-0.0089704,-0.010681,0,0.008414,0.99866,-0.051043,0,0.011125,0.050948,0.99864,0,0,0,0,1
0.99992,-0.0075742,-0.010367,0,0.0068774,0.99782,-0.065678,0,0.010842,0.065602,0.99779,0,0,0,0,1
0.99978,0.0058806,-0.019965,0,-0.0076555,0.99591,-0.090024,0,0.019354,0.090157,0.99574,0,0,0,0,1
0.999,0.025898,-0.036312,0,-0.029968,0.99275,-0.11642,0,0.033034,0.11739,0.99254,0,0,0,0,1
0.99801,0.039002,-0.049617,0,-0.045783,0.98854,-0.14383,0,0.043438,0.14582,0.98836,0,0,0,0,1
0.99722,0.045754,-0.058836,0,-0.055023,0.98441,-0.16706,0,0.050275,0.16984,0.98419,0,0,0,0,1
0.99714,0.044669,-0.060979,0,-0.054872,0.98259,-0.17749,0,0.051989,0.18033,0.98223,0,0,0,0,1
0.99786,0.033713,-0.055961,0,-0.043222,0.98299,-0.17852,0,0.04899,0.18056,0.98234,0,0,0,0,1
0.99881,0.016126,-0.046113,0,-0.024049,0.98395,-0.17679,0,0.042522,0.17769,0.98317,0,0,0,0,1
0.99931,0.00043603,-0.037184,0,-0.0065164,0.98651,-0.16356,0,0.036612,0.16369,0.98583,0,0,0,0,1
0.99936,-0.0064013,-0.035179,0,0.0013131,0.98975,-0.1428,0,0.035732,0.14266,0.98913,0,0,0,0,1
0.99928,-0.0061218,-0.037324,0,0.0013643,0.99201,-0.12618,0,0.037798,0.12604,0.9913,0,0,0,0,1
0.99896,0.0036265,-0.04552,0,-0.0088999,0.99319,-0.11619,0,0.044788,0.11647,0.99218,0,0,0,0,1
0.99815,0.019166,-0.057634,0,-0.025514,0.99343,-0.11153,0,0.055118,0.11279,0.99209,0,0,0,0,1
0.9968,0.033938,-0.072368,0,-0.041983,0.99274,-0.11272,0,0.068017,0.11539,0.99099,0,0,0,0,1
0.99567,0.041957,-0.083,0,-0.051756,0.99146,-0.11967,0,0.07727,0.12345,0.98934,0,0,0,0,1
0.99458,0.044868,-0.09383,0,-0.056872,0.98995,-0.12945,0,0.087079,0.13408,0.98714,0,0,0,0,1
0.99359,0.044806,-0.10378,0,-0.058546,0.98933,-0.13338,0,0.096699,0.1386,0.98562,0,0,0,0,1
0.99264,0.044346,-0.11272,0,-0.058914,0.98984,-0.12938,0,0.10584,0.13507,0.98517,0,0,0,0,1
0.99065,0.046891,-0.1281,0,-0.062311,0.99092,-0.11915,0,0.12135,0.12602,0.98458,0,0,0,0,1
0.98786,0.045584,-0.1485,0,-0.06174,0.99244,-0.10606,0,0.14254,0.11394,0.98321,0,0,0,0,1
0.98311,0.045554,-0.17727,0,-0.063077,0.99352,-0.094499,0,0.17182,0.10408,0.97961,0,0,0,0,1
0.97718,0.047074,-0.20714,0,-0.066485,0.99392,-0.087766,0,0.20175,0.099534,0.97437,0,0,0,0,1
0.96993,0.05163,-0.23784,0,-0.074013,0.99353,-0.086158,0,0.23185,0.10117,0.96748,0,0,0,0,1
0.96261,0.056094,-0.26503,0,-0.08182,0.99284,-0.087039,0,0.25825,0.10547,0.9603,0,0,0,0,1
0.9591,0.054579,-0.27775,0,-0.080848,0.99318,-0.08401,0,0.27127,0.10303,0.95697,0,0,0,0,1
0.95839,0.050814,-0.28092,0,-0.075316,0.99417,-0.07712,0,0.27536,0.095068,0.95663,0,0,0,0,1
0.95791,0.049732,-0.28274,0,-0.073484,0.99455,-0.074023,0,0.27752,0.091684,0.95634,0,0,0,0,1
0.95733,0.05059,-0.28453,0,-0.074995,0.99432,-0.075533,0,0.2791,0.093649,0.95569,0,0,0,0,1
0.95588,0.052756,-0.28898,0,-0.07848,0.99385,-0.078159,0,0.28308,0.09739,0.95414,0,0,0,0,1
0.95392,0.055086,-0.29496,0,-0.082417,0.9933,-0.081035,0,0.28852,0.10161,0.95207,0,0,0,0,1
0.95143,0.058192,-0.3023,0,-0.087151,0.99272,-0.083194,0,0.29526,0.1055,0.94957,0,0,0,0,1
0.94933,0.061041,-0.3083,0,-0.090979,0.99233,-0.083671,0,0.30083,0.10748,0.9476,0,0,0,0,1
0.9481,0.063039,-0.31166,0,-0.093252,0.99218,-0.082997,0,0.30398,0.10775,0.94656,0,0,0,0,1
0.94831,0.063402,-0.31094,0,-0.09312,0.9923,-0.081662,0,0.30337,0.1064,0.94691,0,0,0,0,1
0.94998,0.061366,-0.30621,0,-0.088971,0.99305,-0.077009,0,0.29936,0.1004,0.94884,0,0,0,0,1
0.95298,0.058354,-0.29736,0,-0.082121,0.9943,-0.068064,0,0.29169,0.089283,0.95234,0,0,0,0,1
0.95619,0.057026,-0.28714,0,-0.077142,0.99526,-0.059229,0,0.2824,0.078785,0.95605,0,0,0,0,1
0.95856,0.057386,-0.27904,0,-0.075833,0.99556,-0.055763,0,0.2746,0.074613,0.95866,0,0,0,0,1
0.96196,0.056258,-0.26734,0,-0.072716,0.99599,-0.05206,0,0.26334,0.06952,0.9622,0,0,0,0,1
0.96636,0.054129,-0.25143,0,-0.068122,0.99656,-0.047281,0,0.248,0.062818,0.96672,0,0,0,0,1
0.96905,0.057131,-0.24016,0,-0.070156,0.99647,-0.046032,0,0.23668,0.061456,0.96964,0,0,0,0,1
0.96746,0.070265,-0.24307,0,-0.084502,0.99524,-0.048636,0,0.2385,0.067593,0.96879,0,0,0,0,1
0.95972,0.095133,-0.26436,0,-0.11111,0.99274,-0.046103,0,0.25806,0.073618,0.96332,0,0,0,0,1
0.95278,0.1169,-0.28026,0,-0.13248,0.99049,-0.037218,0,0.27325,0.072589,0.9592,0,0,0,0,1
0.95239,0.12574,-0.27775,0,-0.14158,0.98921,-0.037631,0,0.27002,0.075162,0.95992,0,0,0,0,1
0.95883,0.12157,-0.25663,0,-0.13747,0.98949,-0.044889,0,0.24847,0.07832,0.96547,0,0,0,0,1
0.96556,0.1138,-0.23395,0,-0.12792,0.99072,-0.046019,0,0.22655,0.074362,0.97116,0,0,0,0,1
0.97093,0.10465,-0.21528,0,-0.11655,0.99224,-0.043312,0,0.20908,0.067144,0.97559,0,0,0,0,1
0.97451,0.095895,-0.20282,0,-0.10617,0.99353,-0.040356,0,0.19764,0.06086,0.97838,0,0,0,0,1
0.97669,0.088353,-0.19562,0,-0.097266,0.99459,-0.036415,0,0.19135,0.054593,0.98,0,0,0,0,1
0.97832,0.08308,-0.18973,0,-0.090546,0.99541,-0.031012,0,0.18628,0.047518,0.98135,0,0,0,0,1
0.98054,0.077997,-0.18018,0,-0.084096,0.99611,-0.026452,0,0.17741,0.041089,0.98328,0,0,0,0,1
0.98443,0.070685,-0.16097,0,-0.075371,0.99689,-0.023184,0,0.15883,0.034955,0.98669,0,0,0,0,1
0.98938,0.060392,-0.13219,0,-0.063362,0.99782,-0.018372,0,0.13079,0.026552,0.99105,0,0,0,0,1
0.99498,0.0456,-0.089033,0,-0.046667,0.99886,-0.0099435,0,0.088479,0.014049,0.99598,0,0,0,0,1
0.99805,0.035515,-0.051395,0,-0.03556,0.99937,5.2291e-05,0,0.051364,0.0017754,0.99868,0,0,0,0,1
0.99945,0.025351,-0.021291,0,-0.02543,0.99967,-0.0034375,0,0.021197,0.0039771,0.99977,0,0,0,0,1
0.9999,0.013823,-0.0013264,0,-0.013848,0.99968,-0.021204,0,0.0010329,0.02122,0.99977,0,0,0,0,1
0.9999,-0.00094238,0.014224,0,0.0014997,0.99923,-0.039221,0,-0.014176,0.039238,0.99913,0,0,0,0,1
0.99911,-0.025395,0.033783,0,0.026816,0.99874,-0.042305,0,-0.032666,0.043173,0.99853,0,0,0,0,1
0.9973,-0.0519,0.052022,0,0.053388,0.99819,-0.02764,0,-0.050494,0.030343,0.99826,0,0,0,0,1
0.99493,-0.076102,0.065734,0,0.076874,0.997,-0.0092998,0,-0.064829,0.014306,0.99779,0,0,0,0,1
0.99329,-0.089645,0.073064,0,0.089687,0.99597,0.0027154,0,-0.073013,0.0038557,0.99732,0,0,0,0,1
0.99305,-0.089588,0.076319,0,0.08938,0.99598,0.006143,0,-0.076562,0.00072109,0.99706,0,0,0,0,1
0.99408,-0.078375,0.075309,0,0.078241,0.99692,0.0047338,0,-0.075449,0.0011865,0.99715,0,0,0,0,1
0.99563,-0.060459,0.071132,0,0.060518,0.99817,0.0013405,0,-0.071082,0.0029701,0.99747,0,0,0,0,1
0.99688,-0.04403,0.06556,0,0.04452,0.99899,-0.0060258,0,-0.065228,0.0089257,0.99783,0,0,0,0,1
0.99761,-0.03238,0.060979,0,0.032865,0.99944,-0.0069683,0,-0.060719,0.0089557,0.99811,0,0,0,0,1
0.99826,-0.022967,0.05434,0,0.022557,0.99971,0.008156,0,-0.054512,-0.006916,0.99849,0,0,0,0,1
0.9989,-0.01339,0.044927,0,0.011631,0.99916,0.039203,0,-0.045414,-0.038637,0.99822,0,0,0,0,1
0.99924,-0.0046042,0.038667,0,0.0017037,0.9972,0.074714,0,-0.038903,-0.074591,0.99646,0,0,0,0,1
0.9993,0.0035057,0.037219,0,-0.0068939,0.9958,0.091299,0,-0.036743,-0.091492,0.99513,0,0,0,0,1
0.99914,0.01008,0.040167,0,-0.013519,0.99618,0.086286,0,-0.039143,-0.086755,0.99546,0,0,0,0,1
0.99901,0.016444,0.041265,0,-0.019419,0.99716,0.072758,0,-0.039952,-0.073488,0.9965,0,0,0,0,1
0.99901,0.01981,0.039835,0,-0.02232,0.99773,0.063594,0,-0.038485,-0.06442,0.99718,0,0,0,0,1
0.99909,0.021975,0.036591,0,-0.02447,0.9973,0.069205,0,-0.034972,-0.070037,0.99693,0,0,0,0,1
0.99921,0.026392,0.029823,0,-0.028823,0.99603,0.084249,0,-0.027481,-0.085042,0.996,0,0,0,0,1
0.99933,0.031667,0.018273,0,-0.033092,0.99593,0.08382,0,-0.015544,-0.084369,0.99631,0,0,0,0,1
0.99904,0.04313,-0.0071907,0,-0.042616,0.99725,0.060611,0,0.0097851,-0.060247,0.99814,0,0,0,0,1
0.99722,0.05839,-0.046235,0,-0.057128,0.99797,0.028171,0,0.047786,-0.025451,0.99853,0,0,0,0,1
0.99299,0.073914,-0.092284,0,-0.074309,0.99723,-0.00085156,0,0.091966,0.0077031,0.99573,0,0,0,0,1
0.98671,0.08768,-0.1368,0,-0.091173,0.99564,-0.019466,0,0.1345,0.031681,0.99041,0,0,0,0,1
0.98071,0.094483,-0.17114,0,-0.10072,0.99452,-0.028111,0,0.16754,0.044806,0.98485,0,0,0,0,1
0.97593,0.098288,-0.19468,0,-0.10578,0.99398,-0.028431,0,0.19071,0.04834,0.98045,0,0,0,0,1
0.9741,0.096318,-0.20456,0,-0.10445,0.9941,-0.029329,0,0.20053,0.049937,0.97841,0,0,0,0,1
0.97331,0.094165,-0.20928,0,-0.10284,0.99422,-0.03092,0,0.20516,0.051616,0.97737,0,0,0,0,1
0.97294,0.092432,-0.21179,0,-0.10167,0.99427,-0.033119,0,0.20751,0.053755,0.97675,0,0,0,0,1
0.97375,0.085878,-0.21078,0,-0.094822,0.99496,-0.032683,0,0.20691,0.051812,0.97699,0,0,0,0,1
0.97475,0.078307,-0.20912,0,-0.086481,0.9958,-0.030222,0,0.20588,0.047544,0.97742,0,0,0,0,1
0.97556,0.070956,-0.20795,0,-0.078809,0.99645,-0.029717,0,0.2051,0.045379,0.97769,0,0,0,0,1
0.97577,0.065375,-0.20878,0,-0.074143,0.99665,-0.034437,0,0.20583,0.049083,0.97736,0,0,0,0,1
0.97363,0.065898,-0.2184,0,-0.076814,0.99617,-0.041869,0,0.2148,0.057541,0.97496,0,0,0,0,1
0.97212,0.066665,-0.2248,0,-0.079382,0.99569,-0.048007,0,0.22063,0.064514,0.97322,0,0,0,0,1
0.97145,0.064728,-0.22825,0,-0.08018,0.99503,-0.059081,0,0.22329,0.075695,0.97181,0,0,0,0,1
0.97214,0.05968,-0.22667,0,-0.079072,0.99386,-0.077451,0,0.22065,0.093216,0.97089,0,0,0,0,1
0.97409,0.052311,-0.22003,0,-0.075432,0.99232,-0.098021,0,0.21322,0.11208,0.97056,0,0,0,0,1
0.97534,0.047668,-0.21552,0,-0.072087,0.99165,-0.1069,0,0.20862,0.1198,0.97063,0,0,0,0,1
0.97623,0.045218,-0.21199,0,-0.067871,0.99259,-0.10083,0,0.20586,0.11282,0.97206,0,0,0,0,1
0.97733,0.042928,-0.20731,0,-0.062383,0.99414,-0.088238,0,0.20231,0.099171,0.97429,0,0,0,0,1
0.97881,0.040973,-0.20065,0,-0.056984,0.99558,-0.074681,0,0.1967,0.084533,0.97681,0,0,0,0,1
0.98198,0.036334,-0.18548,0,-0.049315,0.99661,-0.06586,0,0.18246,0.07382,0.98044,0,0,0,0,1
0.98672,0.031388,-0.15938,0,-0.041743,0.9972,-0.062039,0,0.15699,0.067868,0.98527,0,0,0,0,1
0.99033,0.028008,-0.13589,0,-0.038378,0.9965,-0.0743,0,0.13333,0.078797,0.98793,0,0,0,0,1
0.99165,0.03404,-0.1244,0,-0.045764,0.99465,-0.092636,0,0.12058,0.097555,0.9879,0,0,0,0,1
0.99222,0.040892,-0.11762,0,-0.053369,0.99304,-0.10496,0,0.11251,0.11042,0.9875,0,0,0,0,1
0.99237,0.046348,-0.11426,0,-0.059002,0.99218,-0.10998,0,0.10827,0.11588,0.98734,0,0,0,0,1
0.99273,0.04798,-0.11036,0,-0.060219,0.99206,-0.11039,0,0.10419,0.11624,0.98774,0,0,0,0,1
0.99324,0.047135,-0.10611,0,-0.058691,0.99236,-0.10856,0,0.10018,0.11406,0.98841,0,0,0,0,1
0.99371,0.045454,-0.10232,0,-0.056331,0.99276,-0.10605,0,0.096763,0.11115,0.98908,0,0,0,0,1
0.99392,0.044456,-0.10071,0,-0.054715,0.99333,-0.10151,0,0.095524,0.1064,0.98972,0,0,0,0,1
0.99375,0.046343,-0.10154,0,-0.055711,0.99425,-0.091461,0,0.09672,0.096546,0.99062,0,0,0,0,1
0.99338,0.049071,-0.10387,0,-0.056991,0.99558,-0.074712,0,0.099743,0.080137,0.99178,0,0,0,0,1
0.99281,0.053074,-0.10727,0,-0.059076,0.99681,-0.053576,0,0.10409,0.059528,0.99279,0,0,0,0,1
0.99218,0.05945,-0.10979,0,-0.063785,0.9973,-0.036405,0,0.10733,0.043123,0.99329,0,0,0,0,1
0.99136,0.067445,-0.11246,0,-0.070462,0.99725,-0.023064,0,0.11059,0.030788,0.99339,0,0,0,0,1
0.99042,0.075079,-0.11587,0,-0.077419,0.99687,-0.015827,0,0.11432,0.024646,0.99314,0,0,0,0,1
0.98844,0.086547,-0.12448,0,-0.088474,0.99603,-0.010027,0,0.12312,0.020924,0.99217,0,0,0,0,1
0.9851,0.1025,-0.13812,0,-0.10353,0.99463,-0.00031115,0,0.13734,0.014606,0.99042,0,0,0,0,1
0.98182,0.11367,-0.15204,0,-0.11307,0.99351,0.012592,0,0.15248,0.0048278,0.98829,0,0,0,0,1
0.97924,0.11911,-0.16403,0,-0.11706,0.99288,0.022122,0,0.1655,-0.0024608,0.98621,0,0,0,0,1
0.9773,0.12015,-0.17451,0,-0.1166,0.99271,0.030482,0,0.1769,-0.0094417,0.98418,0,0,0,0,1
0.97479,0.12074,-0.18762,0,-0.1156,0.99256,0.038151,0,0.19083,-0.015501,0.9815,0,0,0,0,1
0.97249,0.11939,-0.2,0,-0.11305,0.99266,0.042892,0,0.20365,-0.019103,0.97886,0,0,0,0,1
0.97056,0.11838,-0.20976,0,-0.11061,0.99268,0.048445,0,0.21396,-0.023818,0.97655,0,0,0,0,1
0.96892,0.11995,-0.21635,0,-0.11058,0.99235,0.054942,0,0.22129,-0.02931,0.97477,0,0,0,0,1
0.96799,0.12332,-0.21862,0,-0.11226,0.99172,0.062342,0,0.2245,-0.035805,0.97382,0,0,0,0,1
0.96773,0.12694,-0.21768,0,-0.11445,0.99102,0.06912,0,0.2245,-0.041976,0.97357,0,0,0,0,1
0.96806,0.13023,-0.21424,0,-0.11608,0.99022,0.077402,0,0.22223,-0.05006,0.97371,0,0,0,0,1
0.96816,0.13422,-0.21132,0,-0.11911,0.98943,0.08274,0,0.2202,-0.054934,0.97391,0,0,0,0,1
0.96624,0.13903,-0.21693,0,-0.12683,0.9895,0.069251,0,0.22428,-0.039399,0.97373,0,0,0,0,1
0.96145,0.1446,-0.2339,0,-0.13797,0.98943,0.044528,0,0.23787,-0.010539,0.97124,0,0,0,0,1
0.95714,0.14566,-0.25035,0,-0.14376,0.98927,0.025968,0,0.25144,0.011134,0.96781,0,0,0,0,1
0.95365,0.14629,-0.26296,0,-0.14677,0.98901,0.017933,0,0.2627,0.021493,0.96464,0,0,0,0,1
0.95056,0.15057,-0.27159,0,-0.15139,0.98831,0.018056,0,0.27114,0.023953,0.96224,0,0,0,0,1
0.94829,0.15775,-0.27544,0,-0.15899,0.98712,0.017985,0,0.27472,0.026736,0.96115,0,0,0,0,1
0.946,0.17096,-0.27542,0,-0.17423,0.98462,0.012734,0,0.27336,0.035941,0.96124,0,0,0,0,1
0.94088,0.19403,-0.27765,0,-0.20011,0.97975,0.0065559,0,0.2733,0.049391,0.96066,0,0,0,0,1
0.93404,0.21899,-0.28214,0,-0.22731,0.97382,0.0033488,0,0.27549,0.061004,0.95937,0,0,0,0,1
0.92913,0.23526,-0.28525,0,-0.24466,0.9696,0.0027601,0,0.27723,0.067226,0.95845,0,0,0,0,1
0.92839,0.2383,-0.28514,0,-0.24769,0.96884,0.0032454,0,0.27702,0.067611,0.95848,0,0,0,0,1
0.9317,0.23104,-0.28026,0,-0.24005,0.97076,0.0022283,0,0.27258,0.065202,0.95992,0,0,0,0,1
0.93708,0.21858,-0.27223,0,-0.22724,0.97384,-0.00026871,0,0.26505,0.062112,0.96223,0,0,0,0,1
0.94224,0.20701,-0.26332,0,-0.21599,0.97638,-0.0053037,0,0.256,0.061872,0.96469,0,0,0,0,1
0.946,0.19916,-0.25577,0,-0.20939,0.97775,-0.013093,0,0.24747,0.06594,0.96665,0,0,0,0,1
0.94829,0.19331,-0.25175,0,-0.2049,0.97857,-0.020403,0,0.24241,0.070931,0.96758,0,0,0,0,1
0.94789,0.19187,-0.25435,0,-0.20313,0.97898,-0.018499,0,0.24545,0.069199,0.96694,0,0,0,0,1
0.94658,0.18956,-0.26088,0,-0.19754,0.98029,-0.004465,0,0.25489,0.055759,0.96536,0,0,0,0,1
0.94442,0.18568,-0.27127,0,-0.18698,0.98213,0.021282,0,0.27038,0.030624,0.96227,0,0,0,0,1
0.94119,0.18194,-0.2847,0,-0.17631,0.98328,0.045525,0,0.28822,0.007348,0.95753,0,0,0,0,1
0.93805,0.17979,-0.29619,0,-0.17225,0.9837,0.051602,0,0.30064,0.0026125,0.95373,0,0,0,0,1
0.9361,0.17993,-0.30224,0,-0.17287,0.98367,0.050154,0,0.30632,0.0052999,0.95191,0,0,0,0,1
0.93619,0.17938,-0.30229,0,-0.17417,0.98372,0.044354,0,0.30532,0.011125,0.95218,0,0,0,0,1
0.9369,0.17867,-0.30051,0,-0.17446,0.98381,0.041021,0,0.30297,0.013994,0.9529,0,0,0,0,1
0.93588,0.18098,-0.30229,0,-0.17515,0.98344,0.046548,0,0.30571,0.0093816,0.95208,0,0,0,0,1
0.92734,0.19378,-0.32015,0,-0.18098,0.98102,0.069565,0,0.32755,-0.0065681,0.94481,0,0,0,0,1
0.90842,0.21553,-0.35822,0,-0.19029,0.97612,0.10474,0,0.37224,-0.026977,0.92774,0,0,0,0,1
0.87915,0.23723,-0.4133,0,-0.19698,0.97063,0.13813,0,0.43392,-0.040028,0.90006,0,0,0,0,1
0.85505,0.25125,-0.45362,0,-0.19918,0.9668,0.16005,0,0.47877,-0.046501,0.87671,0,0,0,0,1
0.84186,0.25886,-0.47357,0,-0.19988,0.96461,0.17195,0,0.50132,-0.050099,0.86381,0,0,0,0,1
0.83608,0.26414,-0.48084,0,-0.20194,0.9631,0.17794,0,0.51009,-0.051673,0.85857,0,0,0,0,1
0.83681,0.26561,-0.47875,0,-0.20328,0.96266,0.17877,0,0.50836,-0.052277,0.85956,0,0,0,0,1
0.8429,0.26049,-0.47081,0,-0.20155,0.96415,0.1726,0,0.49889,-0.050591,0.86519,0,0,0,0,1
0.85283,0.2483,-0.45938,0,-0.19593,0.9676,0.15926,0,0.48404,-0.045817,0.87385,0,0,0,0,1
0.86541,0.23062,-0.44484,0,-0.18583,0.97219,0.14251,0,0.46534,-0.040669,0.8842,0,0,0,0,1
0.8823,0.20935,-0.42156,0,-0.16992,0.97691,0.12951,0,0.43894,-0.042635,0.89751,0,0,0,0,1
0.90229,0.18339,-0.39017,0,-0.14535,0.98143,0.12517,0,0.40588,-0.056224,0.9122,0,0,0,0,1
0.92594,0.15176,-0.34584,0,-0.1138,0.98527,0.12768,0,0.36012,-0.078871,0.92957,0,0,0,0,1
0.9526,0.11695,-0.28083,0,-0.080056,0.98699,0.13946,0,0.29349,-0.11037,0.94957,0,0,0,0,1
0.96123,0.10476,-0.25506,0,-0.065376,0.98523,0.15829,0,0.26787,-0.13548,0.95388,0,0,0,0,1
0.96057,0.10686,-0.25668,0,-0.066725,0.98481,0.1603,0,0.26991,-0.13685,0.95311,0,0,0,0,1
0.95335,0.11506,-0.27909,0,-0.07762,0.98686,0.14172,0,0.29173,-0.11345,0.94975,0,0,0,0,1
0.94657,0.11886,-0.29979,0,-0.087713,0.98945,0.11534,0,0.31034,-0.082881,0.94701,0,0,0,0,1
0.94221,0.11766,-0.31369,0,-0.093003,0.99136,0.092492,0,0.32187,-0.057972,0.94501,0,0,0,0,1
0.94151,0.11235,-0.31772,0,-0.092542,0.99274,0.076819,0,0.32404,-0.042923,0.94507,0,0,0,0,1
0.94343,0.10399,-0.31484,0,-0.088742,0.9941,0.062424,0,0.31947,-0.030954,0.94709,0,0,0,0,1
0.94489,0.099145,-0.31202,0,-0.085707,0.99472,0.056528,0,0.31598,-0.02667,0.94839,0,0,0,0,1
0.94732,0.093002,-0.30649,0,-0.07799,0.99509,0.060896,0,0.31065,-0.033784,0.94992,0,0,0,0,1
0.95195,0.081511,-0.29519,0,-0.062,0.99526,0.07488,0,0.2999,-0.05298,0.9525,0,0,0,0,1
0.95669,0.067351,-0.28321,0,-0.045206,0.99544,0.084021,0,0.28758,-0.067579,0.95537,0,0,0,0,1
0.96055,0.052341,-0.27315,0,-0.031777,0.99635,0.079174,0,0.2763,-0.06737,0.95871,0,0,0,0,1
0.9633,0.042833,-0.265,0,-0.025673,0.99736,0.067884,0,0.26721,-0.058589,0.96186,0,0,0,0,1
0.96382,0.043666,-0.26296,0,-0.027726,0.99756,0.064025,0,0.26512,-0.054418,0.96268,0,0,0,0,1
0.96302,0.046257,-0.26542,0,-0.029816,0.9974,0.065643,0,0.26777,-0.055302,0.9619,0,0,0,0,1
0.96287,0.045863,-0.26604,0,-0.028643,0.99726,0.068249,0,0.26844,-0.058095,0.96154,0,0,0,0,1
0.96102,0.047658,-0.27233,0,-0.029543,0.99709,0.070236,0,0.27489,-0.059452,0.95964,0,0,0,0,1
0.95901,0.047759,-0.27931,0,-0.02942,0.99715,0.069488,0,0.28183,-0.058422,0.95768,0,0,0,0,1
0.95685,0.045827,-0.28694,0,-0.027466,0.99733,0.06769,0,0.28928,-0.056888,0.95555,0,0,0,0,1
0.95479,0.043023,-0.29416,0,-0.024572,0.99751,0.066138,0,0.29627,-0.05592,0.95347,0,0,0,0,1
0.95318,0.039483,-0.29982,0,-0.020564,0.99761,0.065999,0,0.30171,-0.056743,0.95171,0,0,0,0,1
0.9527,0.035716,-0.30182,0,-0.016137,0.99761,0.067117,0,0.3035,-0.059072,0.951,0,0,0,0,1
0.95326,0.031473,-0.30051,0,-0.011187,0.99755,0.06899,0,0.30194,-0.062403,0.95128,0,0,0,0,1
0.9544,0.026676,-0.29732,0,-0.006347,0.99759,0.069128,0,0.29845,-0.064089,0.95227,0,0,0,0,1
0.95581,0.021657,-0.29317,0,-0.0016593,0.99766,0.068289,0,0.29397,-0.064785,0.95362,0,0,0,0,1
0.957,0.016621,-0.28962,0,0.0029223,0.99775,0.066917,0,0.29008,-0.064886,0.9548,0,0,0,0,1
0.95772,0.012353,-0.28744,0,0.0062846,0.99794,0.063827,0,0.28764,-0.062935,0.95567,0,0,0,0,1
0.95874,0.0082497,-0.28417,0,0.0091458,0.99817,0.059835,0,0.28414,-0.059965,0.95691,0,0,0,0,1
0.96042,0.004308,-0.27854,0,0.0109,0.99853,0.053027,0,0.27836,-0.053964,0.95896,0,0,0,0,1
0.96284,0.0022518,-0.27006,0,0.010103,0.99897,0.044349,0,0.26988,-0.045429,0.96182,0,0,0,0,1
0.96497,0.0048674,-0.26231,0,0.0036464,0.99948,0.031961,0,0.26233,-0.031798,0.96446,0,0,0,0,1
0.96739,0.0093034,-0.25313,0,-0.0042516,0.99978,0.020497,0,0.25327,-0.018752,0.96721,0,0,0,0,1
0.97204,0.012504,-0.23448,0,-0.0097517,0.99987,0.012894,0,0.23461,-0.010247,0.97204,0,0,0,0,1
0.97895,0.011653,-0.20378,0,-0.010665,0.99993,0.0059463,0,0.20383,-0.0036478,0.979,0,0,0,0,1
0.98732,0.0049112,-0.15866,0,-0.0056442,0.99998,-0.0041702,0,0.15863,0.0050128,0.98732,0,0,0,0,1
0.99362,-0.0024799,-0.11273,0,0.00098453,0.99991,-0.013318,0,0.11276,0.013122,0.99354,0,0,0,0,1
0.99804,-0.015905,-0.060543,0,0.014445,0.9996,-0.024474,0,0.060908,0.023552,0.99787,0,0,0,0,1
0.99952,-0.023834,-0.02,0,0.023174,0.9992,-0.032625,0,0.020762,0.032146,0.99927,0,0,0,0,1
0.99975,-0.021919,0.0040492,0,0.022012,0.99946,-0.02438,0,-0.0035126,0.024463,0.99969,0,0,0,0,1
0.99988,-0.0091272,0.012688,0,0.008989,0.9999,0.010907,0,-0.012786,-0.010792,0.99986,0,0,0,0,1
0.99988,0.0077485,0.013299,0,-0.0085794,0.99794,0.063604,0,-0.012779,-0.06371,0.99789,0,0,0,0,1
0.9997,0.021604,0.011693,0,-0.02273,0.99403,0.10673,0,-0.0093179,-0.10696,0.99422,0,0,0,0,1
0.99965,0.023645,0.011659,0,-0.024851,0.99279,0.1173,0,-0.0088007,-0.11755,0.99303,0,0,0,0,1
0.99976,0.018219,0.012008,0,-0.0195,0.99294,0.11699,0,-0.0097914,-0.1172,0.99306,0,0,0,0,1
0.99988,0.011361,0.010507,0,-0.012457,0.99376,0.11087,0,-0.0091814,-0.11099,0.99378,0,0,0,0,1
0.99998,0.0043982,0.0040841,0,-0.0047908,0.9948,0.10172,0,-0.0036155,-0.10173,0.99481,0,0,0,0,1
0.99994,-0.0084471,-0.0068242,0,0.0089949,0.99637,0.084702,0,0.0060839,-0.084758,0.99638,0,0,0,0,1
0.99944,-0.027341,-0.019494,0,0.028478,0.99775,0.060671,0,0.017791,-0.061192,0.99797,0,0,0,0,1
0.99849,-0.045359,-0.03087,0,0.046654,0.998,0.042623,0,0.028875,-0.043999,0.99861,0,0,0,0,1
0.9977,-0.058331,-0.03462,0,0.059902,0.99713,0.046242,0,0.031824,-0.048209,0.99833,0,0,0,0,1
0.99778,-0.060695,-0.027433,0,0.062594,0.99524,0.074707,0,0.022768,-0.076258,0.99683,0,0,0,0,1
0.9985,-0.053413,-0.01206,0,0.054482,0.99115,0.12108,0,0.0054859,-0.12156,0.99257,0,0,0,0,1
0.99913,-0.041492,0.004119,0,0.040338,0.98687,0.15638,0,-0.010553,-0.15608,0.98769,0,0,0,0,1
0.99928,-0.033918,0.016719,0,0.03079,0.98648,0.16098,0,-0.021953,-0.16035,0.98682,0,0,0,0,1
0.99915,-0.032953,0.024886,0,0.028841,0.98818,0.15056,0,-0.029553,-0.14971,0.98829,0,0,0,0,1
0.99899,-0.03513,0.027869,0,0.031136,0.99067,0.13269,0,-0.032271,-0.13169,0.99077,0,0,0,0,1
0.99892,-0.037746,0.027032,0,0.034399,0.99276,0.11509,0,-0.03118,-0.11403,0.99299,0,0,0,0,1
0.99892,-0.039999,0.02356,0,0.037327,0.99381,0.1046,0,-0.027598,-0.10361,0.99423,0,0,0,0,1
0.99897,-0.040542,0.020524,0,0.038186,0.9938,0.10445,0,-0.024631,-0.10356,0.99432,0,0,0,0,1
0.99898,-0.038953,0.02274,0,0.03622,0.99324,0.11026,0,-0.026881,-0.10933,0.99364,0,0,0,0,1
0.99893,-0.035844,0.029125,0,0.032233,0.99271,0.11617,0,-0.033077,-0.11511,0.9928,0,0,0,0,1
0.99884,-0.031407,0.036365,0,0.027051,0.99304,0.11464,0,-0.039712,-0.11352,0.99274,0,0,0,0,1
0.99878,-0.026887,0.041457,0,0.022267,0.99389,0.10811,0,-0.044111,-0.10706,0.99327,0,0,0,0,1
0.99881,-0.023137,0.043044,0,0.0187,0.99473,0.10077,0,-0.045149,-0.099846,0.99398,0,0,0,0,1
0.99877,-0.022683,0.044177,0,0.018286,0.99507,0.097505,0,-0.046171,-0.096577,0.99425,0,0,0,0,1
0.99878,-0.021514,0.044439,0,0.016931,0.99474,0.10106,0,-0.046379,-0.10018,0.99389,0,0,0,0,1
0.99881,-0.019265,0.04484,0,0.014236,0.99384,0.1099,0,-0.046681,-0.10913,0.99293,0,0,0,0,1
0.99876,-0.014487,0.047595,0,0.0086313,0.99261,0.121,0,-0.048996,-0.12044,0.99151,0,0,0,0,1
0.99862,-0.0087846,0.051743,0,0.002092,0.99177,0.128,0,-0.052442,-0.12772,0.99042,0,0,0,0,1
0.99842,-0.0040428,0.056013,0,-0.003141,0.99182,0.12757,0,-0.056071,-0.12755,0.99025,0,0,0,0,1
0.99821,-0.0015506,0.059829,0,-0.0057371,0.99258,0.12144,0,-0.059574,-0.12157,0.99079,0,0,0,0,1
0.99808,0.00027872,0.061989,0,-0.0073206,0.99352,0.1134,0,-0.061556,-0.11364,0.99161,0,0,0,0,1
0.99821,0.0032753,0.059777,0,-0.0097982,0.99398,0.10916,0,-0.059059,-0.10955,0.99223,0,0,0,0,1
0.9986,0.0071808,0.052493,0,-0.013017,0.99366,0.1117,0,-0.051358,-0.11222,0.99235,0,0,0,0,1
0.99909,0.011841,0.041039,0,-0.016554,0.99305,0.11649,0,-0.039374,-0.11706,0.99234,0,0,0,0,1
0.99952,0.016958,0.025811,0,-0.019919,0.99268,0.11916,0,-0.023601,-0.11962,0.99254,0,0,0,0,1
0.99972,0.019597,0.013282,0,-0.020949,0.99363,0.11071,0,-0.011027,-0.11096,0.99376,0,0,0,0,1
0.99978,0.020471,0.0040666,0,-0.020745,0.99608,0.08599,0,-0.0022904,-0.086056,0.99629,0,0,0,0,1
0.99983,0.018639,0.00073304,0,-0.018651,0.99826,0.055978,0,0.00031162,-0.055982,0.99843,0,0,0,0,1
0.99989,0.014782,0.0026704,0,-0.014867,0.99927,0.035056,0,-0.0021502,-0.035092,0.99938,0,0,0,0,1
0.9999,0.012985,0.0055152,0,-0.01314,0.99949,0.029055,0,-0.0051351,-0.029125,0.99956,0,0,0,0,1
0.99989,0.013281,0.00651,0,-0.013495,0.99933,0.033974,0,-0.0060545,-0.034058,0.9994,0,0,0,0,1
0.99989,0.013543,0.0065973,0,-0.013824,0.99891,0.044647,0,-0.0059854,-0.044733,0.99898,0,0,0,0,1
0.9999,0.013177,0.0051312,0,-0.013434,0.99846,0.053886,0,-0.0044133,-0.05395,0.99853,0,0,0,0,1
0.99987,0.015899,-0.0007854,0,-0.01583,0.99829,0.056292,0,0.0016791,-0.056272,0.99841,0,0,0,0,1
0.99979,0.018167,-0.0089534,0,-0.017689,0.99855,0.050905,0,0.0098652,-0.050736,0.99866,0,0,0,0,1
0.99968,0.019055,-0.01651,0,-0.018358,0.99897,0.041382,0,0.017282,-0.041065,0.99901,0,0,0,0,1
0.99951,0.02071,-0.023298,0,-0.019973,0.99931,0.03142,0,0.023933,-0.030939,0.99923,0,0,0,0,1
0.99906,0.027941,-0.033138,0,-0.027225,0.99939,0.021873,0,0.033729,-0.02095,0.99921,0,0,0,0,1
0.99837,0.036399,-0.044055,0,-0.035943,0.99929,0.011089,0,0.044428,-0.0094877,0.99897,0,0,0,0,1
0.99774,0.04173,-0.052702,0,-0.042012,0.99911,-0.0042527,0,0.052477,0.0064572,0.9986,0,0,0,0,1
0.99746,0.043428,-0.056536,0,-0.04481,0.99872,-0.023418,0,0.055447,0.025891,0.99813,0,0,0,0,1
0.99762,0.040295,-0.055943,0,-0.042828,0.99808,-0.044839,0,0.054029,0.047129,0.99743,0,0,0,0,1
0.99818,0.032415,-0.050872,0,-0.035622,0.99735,-0.06344,0,0.048681,0.065136,0.99669,0,0,0,0,1
0.99891,0.020872,-0.041806,0,-0.023854,0.99711,-0.072148,0,0.040179,0.073066,0.99652,0,0,0,0,1
0.9994,0.0097509,-0.03312,0,-0.012131,0.9973,-0.072433,0,0.032325,0.072791,0.99682,0,0,0,0,1
0.99964,0.0027392,-0.026648,0,-0.0045684,0.99762,-0.068827,0,0.026396,0.068924,0.99727,0,0,0,0,1
0.9997,0.0024951,-0.024362,0,-0.0040295,0.998,-0.063138,0,0.024156,0.063217,0.99771,0,0,0,0,1
0.99973,0.0060024,-0.022583,0,-0.0071915,0.99857,-0.05295,0,0.022233,0.053098,0.99834,0,0,0,0,1
0.99976,0.0083757,-0.020436,0,-0.0092927,0.99893,-0.045197,0,0.020036,0.045376,0.99877,0,0,0,0,1
0.9997,0.0090383,-0.022827,0,-0.010019,0.99902,-0.043207,0,0.022414,0.043423,0.99881,0,0,0,0,1
0.99946,0.0060357,-0.032213,0,-0.007554,0.99886,-0.047221,0,0.031891,0.047439,0.99836,0,0,0,0,1
0.99894,-8.7174e-05,-0.045973,0,-0.0021402,0.99883,-0.048398,0,0.045923,0.048445,0.99777,0,0,0,0,1
0.99813,-0.0074039,-0.060613,0,0.0049739,0.99918,-0.040145,0,0.060861,0.039769,0.99735,0,0,0,0,1
0.99702,-0.012495,-0.076162,0,0.010483,0.99959,-0.026762,0,0.076465,0.025884,0.99674,0,0,0,0,1
0.99566,-0.014685,-0.091849,0,0.013012,0.99974,-0.018786,0,0.092101,0.01751,0.9956,0,0,0,0,1
0.99388,-0.013253,-0.1097,0,0.011335,0.99977,-0.018093,0,0.10991,0.016739,0.9938,0,0,0,0,1
0.99314,-0.014908,-0.11596,0,0.012708,0.99973,-0.019692,0,0.11622,0.018083,0.99306,0,0,0,0,1
0.99489,-0.023376,-0.098243,0,0.02206,0.99965,-0.014468,0,0.098547,0.012227,0.99506,0,0,0,0,1
0.99706,-0.031508,-0.069896,0,0.030965,0.99948,-0.0088445,0,0.070138,0.0066541,0.99752,0,0,0,0,1
0.99814,-0.032641,-0.051482,0,0.032376,0.99946,-0.0059785,0,0.051649,0.0043006,0.99866,0,0,0,0,1
0.99831,-0.029681,-0.049983,0,0.02933,0.99954,-0.0077569,0,0.05019,0.0062778,0.99872,0,0,0,0,1
0.99778,-0.027208,-0.060718,0,0.026479,0.99957,-0.012787,0,0.061039,0.011151,0.99807,0,0,0,0,1
0.99689,-0.025513,-0.074561,0,0.024335,0.99957,-0.016656,0,0.074954,0.014789,0.99708,0,0,0,0,1
0.99627,-0.025827,-0.082321,0,0.024477,0.99955,-0.017376,0,0.082733,0.015296,0.99645,0,0,0,0,1
0.997,-0.029643,-0.07148,0,0.02858,0.99947,-0.015841,0,0.071911,0.013751,0.99732,0,0,0,0,1
